Time,Channel B
(us),(mV)

-100.08241225,-12.26844000
-100.04241225,-7.85851600
-100.00241225,-7.85851600
-99.96241225,-3.44859100
-99.92241225,0.96133300
-99.88241225,0.96133300
-99.84241225,0.96133300
-99.80241225,5.37125700
-99.76241225,5.37125700
-99.72241225,5.37125700
-99.68241225,9.78118100
-99.64241225,9.78118100
-99.60241225,18.60103000
-99.56241225,18.60103000
-99.52241225,23.01095000
-99.48241225,23.01095000
-99.44241225,23.01095000
-99.40241225,23.01095000
-99.36241225,27.42088000
-99.32241225,31.83080000
-99.28241225,36.24073000
-99.24241225,40.65065000
-99.20241225,40.65065000
-99.16241225,40.65065000
-99.12241225,40.65065000
-99.08241225,45.06058000
-99.04241225,45.06058000
-99.00241225,53.89569000
-98.96241225,53.89569000
-98.92241225,58.30561000
-98.88241225,58.30561000
-98.84241225,58.30561000
-98.80241225,58.30561000
-98.76241225,62.71553000
-98.72241225,67.12546000
-98.68241225,67.12546000
-98.64241225,71.53539000
-98.60241225,71.53539000
-98.56241225,75.94530000
-98.52241226,75.94530000
-98.48241226,80.35523000
-98.44241226,80.35523000
-98.40241226,84.76515000
-98.36241226,84.76515000
-98.32241226,89.17508000
-98.28241226,89.17508000
-98.24241226,89.17508000
-98.20241226,93.58500000
-98.16241226,93.58500000
-98.12241226,97.99493000
-98.08241226,97.99493000
-98.04241226,102.42010000
-98.00241226,97.99493000
-97.96241226,106.83000000
-97.92241226,111.24000000
-97.88241226,106.83000000
-97.84241226,111.24000000
-97.80241226,111.24000000
-97.76241226,115.64990000
-97.72241226,115.64990000
-97.68241226,120.05980000
-97.64241226,124.46970000
-97.60241226,124.46970000
-97.56241226,128.87970000
-97.52241226,128.87970000
-97.48241226,128.87970000
-97.44241226,133.28960000
-97.40241226,133.28960000
-97.36241226,133.28960000
-97.32241226,137.69950000
-97.28241226,142.10940000
-97.24241226,142.10940000
-97.20241226,142.10940000
-97.16241226,146.53460000
-97.12241226,146.53460000
-97.08241226,146.53460000
-97.04241226,146.53460000
-97.00241226,150.94450000
-96.96241226,150.94450000
-96.92241226,155.35450000
-96.88241227,155.35450000
-96.84241227,159.76440000
-96.80241227,159.76440000
-96.76241227,159.76440000
-96.72241227,164.17430000
-96.68241227,164.17430000
-96.64241227,164.17430000
-96.60241227,168.58420000
-96.56241227,168.58420000
-96.52241227,168.58420000
-96.48241227,172.99420000
-96.44241227,177.40410000
-96.40241227,177.40410000
-96.36241227,177.40410000
-96.32241227,177.40410000
-96.28241227,181.81400000
-96.24241227,181.81400000
-96.20241227,181.81400000
-96.16241227,181.81400000
-96.12241227,181.81400000
-96.08241227,186.22390000
-96.04241227,186.22390000
-96.00241227,186.22390000
-95.96241227,190.63390000
-95.92241227,190.63390000
-95.88241227,195.05900000
-95.84241227,195.05900000
-95.80241227,195.05900000
-95.76241227,195.05900000
-95.72241227,199.46900000
-95.68241227,199.46900000
-95.64241227,199.46900000
-95.60241227,199.46900000
-95.56241227,199.46900000
-95.52241227,203.87890000
-95.48241227,203.87890000
-95.44241227,203.87890000
-95.40241227,203.87890000
-95.36241227,208.28880000
-95.32241227,208.28880000
-95.28241227,208.28880000
-95.24241228,212.69870000
-95.20241228,212.69870000
-95.16241228,212.69870000
-95.12241228,212.69870000
-95.08241228,212.69870000
-95.04241228,212.69870000
-95.00241228,212.69870000
-94.96241228,217.10870000
-94.92241228,217.10870000
-94.88241228,217.10870000
-94.84241228,217.10870000
-94.80241228,217.10870000
-94.76241228,217.10870000
-94.72241228,217.10870000
-94.68241228,217.10870000
-94.64241228,217.10870000
-94.60241228,221.51860000
-94.56241228,221.51860000
-94.52241228,221.51860000
-94.48241228,221.51860000
-94.44241228,221.51860000
-94.40241228,221.51860000
-94.36241228,221.51860000
-94.32241228,221.51860000
-94.28241228,221.51860000
-94.24241228,225.92850000
-94.20241228,221.51860000
-94.16241228,225.92850000
-94.12241228,230.33840000
-94.08241228,225.92850000
-94.04241228,225.92850000
-94.00241228,221.51860000
-93.96241228,230.33840000
-93.92241228,225.92850000
-93.88241228,225.92850000
-93.84241228,225.92850000
-93.80241228,230.33840000
-93.76241228,225.92850000
-93.72241228,230.33840000
-93.68241228,230.33840000
-93.64241228,225.92850000
-93.60241229,225.92850000
-93.56241229,225.92850000
-93.52241229,225.92850000
-93.48241229,225.92850000
-93.44241229,225.92850000
-93.40241229,230.33840000
-93.36241229,225.92850000
-93.32241229,225.92850000
-93.28241229,225.92850000
-93.24241229,225.92850000
-93.20241229,221.51860000
-93.16241229,225.92850000
-93.12241229,225.92850000
-93.08241229,221.51860000
-93.04241229,225.92850000
-93.00241229,221.51860000
-92.96241229,221.51860000
-92.92241229,221.51860000
-92.88241229,221.51860000
-92.84241229,221.51860000
-92.80241229,221.51860000
-92.76241229,221.51860000
-92.72241229,217.10870000
-92.68241229,217.10870000
-92.64241229,217.10870000
-92.60241229,217.10870000
-92.56241229,217.10870000
-92.52241229,217.10870000
-92.48241229,217.10870000
-92.44241229,217.10870000
-92.40241229,217.10870000
-92.36241229,217.10870000
-92.32241229,217.10870000
-92.28241229,212.69870000
-92.24241229,212.69870000
-92.20241229,212.69870000
-92.16241229,212.69870000
-92.12241229,212.69870000
-92.08241229,208.28880000
-92.04241229,208.28880000
-92.00241229,203.87890000
-91.96241230,203.87890000
-91.92241230,203.87890000
-91.88241230,203.87890000
-91.84241230,203.87890000
-91.80241230,199.46900000
-91.76241230,199.46900000
-91.72241230,199.46900000
-91.68241230,199.46900000
-91.64241230,199.46900000
-91.60241230,199.46900000
-91.56241230,195.05900000
-91.52241230,195.05900000
-91.48241230,195.05900000
-91.44241230,195.05900000
-91.40241230,195.05900000
-91.36241230,190.63390000
-91.32241230,190.63390000
-91.28241230,186.22390000
-91.24241230,186.22390000
-91.20241230,181.81400000
-91.16241230,181.81400000
-91.12241230,181.81400000
-91.08241230,181.81400000
-91.04241230,181.81400000
-91.00241230,181.81400000
-90.96241230,177.40410000
-90.92241230,177.40410000
-90.88241230,172.99420000
-90.84241230,168.58420000
-90.80241230,168.58420000
-90.76241230,164.17430000
-90.72241230,164.17430000
-90.68241230,164.17430000
-90.64241230,164.17430000
-90.60241230,164.17430000
-90.56241230,159.76440000
-90.52241230,159.76440000
-90.48241230,159.76440000
-90.44241230,159.76440000
-90.40241230,155.35450000
-90.36241230,150.94450000
-90.32241230,150.94450000
-90.28241231,146.53460000
-90.24241231,146.53460000
-90.20241231,146.53460000
-90.16241231,146.53460000
-90.12241231,142.10940000
-90.08241231,142.10940000
-90.04241231,142.10940000
-90.00241231,133.28960000
-89.96241231,133.28960000
-89.92241231,133.28960000
-89.88241231,128.87970000
-89.84241231,128.87970000
-89.80241231,128.87970000
-89.76241231,128.87970000
-89.72241231,124.46970000
-89.68241231,124.46970000
-89.64241231,124.46970000
-89.60241231,120.05980000
-89.56241231,111.24000000
-89.52241231,111.24000000
-89.48241231,111.24000000
-89.44241231,111.24000000
-89.40241231,111.24000000
-89.36241231,106.83000000
-89.32241231,102.42010000
-89.28241231,102.42010000
-89.24241231,97.99493000
-89.20241231,97.99493000
-89.16241231,93.58500000
-89.12241231,93.58500000
-89.08241231,93.58500000
-89.04241231,89.17508000
-89.00241231,89.17508000
-88.96241231,84.76515000
-88.92241231,80.35523000
-88.88241231,80.35523000
-88.84241231,75.94530000
-88.80241231,75.94530000
-88.76241231,75.94530000
-88.72241231,75.94530000
-88.68241231,71.53539000
-88.64241232,67.12546000
-88.60241232,62.71553000
-88.56241232,62.71553000
-88.52241232,62.71553000
-88.48241232,58.30561000
-88.44241232,58.30561000
-88.40241232,53.89569000
-88.36241232,53.89569000
-88.32241232,49.47050000
-88.28241232,45.06058000
-88.24241232,45.06058000
-88.20241232,40.65065000
-88.16241232,40.65065000
-88.12241232,40.65065000
-88.08241232,36.24073000
-88.04241232,36.24073000
-88.00241232,31.83080000
-87.96241232,27.42088000
-87.92241232,27.42088000
-87.88241232,23.01095000
-87.84241232,23.01095000
-87.80241232,23.01095000
-87.76241232,18.60103000
-87.72241232,18.60103000
-87.68241232,14.19111000
-87.64241232,9.78118100
-87.60241232,5.37125700
-87.56241232,5.37125700
-87.52241232,5.37125700
-87.48241232,5.37125700
-87.44241232,0.96133300
-87.40241232,0.96133300
-87.36241232,-7.85851600
-87.32241232,-7.85851600
-87.28241232,-7.85851600
-87.24241232,-12.26844000
-87.20241232,-12.26844000
-87.16241232,-16.67836000
-87.12241232,-16.67836000
-87.08241232,-21.08829000
-87.04241232,-21.08829000
-87.00241233,-25.49821000
-86.96241233,-29.90814000
-86.92241233,-29.90814000
-86.88241233,-34.31806000
-86.84241233,-34.31806000
-86.80241233,-38.72799000
-86.76241233,-43.15317000
-86.72241233,-43.15317000
-86.68241233,-47.56310000
-86.64241233,-47.56310000
-86.60241233,-47.56310000
-86.56241233,-51.97302000
-86.52241233,-51.97302000
-86.48241233,-56.38294000
-86.44241233,-60.79287000
-86.40241233,-60.79287000
-86.36241233,-65.20279000
-86.32241233,-65.20279000
-86.28241233,-65.20279000
-86.24241233,-65.20279000
-86.20241233,-69.61272000
-86.16241233,-74.02264000
-86.12241233,-78.43256000
-86.08241233,-78.43256000
-86.04241233,-82.84248000
-86.00241233,-82.84248000
-85.96241233,-82.84248000
-85.92241233,-82.84248000
-85.88241233,-87.25241000
-85.84241233,-87.25241000
-85.80241233,-91.67760000
-85.76241233,-96.08752000
-85.72241233,-96.08752000
-85.68241233,-100.49750000
-85.64241233,-100.49750000
-85.60241233,-100.49750000
-85.56241233,-104.90740000
-85.52241233,-104.90740000
-85.48241233,-109.31730000
-85.44241233,-113.72720000
-85.40241233,-113.72720000
-85.36241234,-118.13710000
-85.32241234,-118.13710000
-85.28241234,-122.54710000
-85.24241234,-122.54710000
-85.20241234,-122.54710000
-85.16241234,-122.54710000
-85.12241234,-126.95700000
-85.08241234,-131.36690000
-85.04241234,-131.36690000
-85.00241234,-135.79210000
-84.96241234,-135.79210000
-84.92241234,-135.79210000
-84.88241234,-140.20200000
-84.84241234,-140.20200000
-84.80241234,-140.20200000
-84.76241234,-144.61190000
-84.72241234,-149.02190000
-84.68241234,-149.02190000
-84.64241234,-153.43180000
-84.60241234,-153.43180000
-84.56241234,-153.43180000
-84.52241234,-153.43180000
-84.48241234,-153.43180000
-84.44241234,-157.84170000
-84.40241234,-157.84170000
-84.36241234,-157.84170000
-84.32241234,-166.66160000
-84.28241234,-166.66160000
-84.24241234,-166.66160000
-84.20241234,-171.07150000
-84.16241234,-171.07150000
-84.12241234,-171.07150000
-84.08241234,-171.07150000
-84.04241234,-171.07150000
-84.00241234,-175.48140000
-83.96241234,-175.48140000
-83.92241234,-175.48140000
-83.88241234,-179.89130000
-83.84241234,-184.31650000
-83.80241234,-184.31650000
-83.76241234,-184.31650000
-83.72241235,-188.72640000
-83.68241235,-188.72640000
-83.64241235,-188.72640000
-83.60241235,-188.72640000
-83.56241235,-188.72640000
-83.52241235,-193.13640000
-83.48241235,-193.13640000
-83.44241235,-193.13640000
-83.40241235,-193.13640000
-83.36241235,-197.54630000
-83.32241235,-197.54630000
-83.28241235,-201.95620000
-83.24241235,-201.95620000
-83.20241235,-201.95620000
-83.16241235,-206.36610000
-83.12241235,-201.95620000
-83.08241235,-206.36610000
-83.04241235,-206.36610000
-83.00241235,-206.36610000
-82.96241235,-206.36610000
-82.92241235,-210.77610000
-82.88241235,-210.77610000
-82.84241235,-210.77610000
-82.80241235,-210.77610000
-82.76241235,-210.77610000
-82.72241235,-215.18600000
-82.68241235,-210.77610000
-82.64241235,-210.77610000
-82.60241235,-219.59590000
-82.56241235,-219.59590000
-82.52241235,-219.59590000
-82.48241235,-219.59590000
-82.44241235,-219.59590000
-82.40241235,-219.59590000
-82.36241235,-219.59590000
-82.32241235,-224.00580000
-82.28241235,-224.00580000
-82.24241235,-224.00580000
-82.20241235,-224.00580000
-82.16241235,-224.00580000
-82.12241235,-224.00580000
-82.08241236,-224.00580000
-82.04241236,-224.00580000
-82.00241236,-228.41580000
-81.96241236,-228.41580000
-81.92241236,-228.41580000
-81.88241236,-228.41580000
-81.84241236,-228.41580000
-81.80241236,-228.41580000
-81.76241236,-228.41580000
-81.72241236,-228.41580000
-81.68241236,-228.41580000
-81.64241236,-228.41580000
-81.60241236,-228.41580000
-81.56241236,-228.41580000
-81.52241236,-228.41580000
-81.48241236,-228.41580000
-81.44241236,-228.41580000
-81.40241236,-228.41580000
-81.36241236,-232.84100000
-81.32241236,-228.41580000
-81.28241236,-232.84100000
-81.24241236,-228.41580000
-81.20241236,-232.84100000
-81.16241236,-232.84100000
-81.12241236,-232.84100000
-81.08241236,-232.84100000
-81.04241236,-232.84100000
-81.00241236,-232.84100000
-80.96241236,-228.41580000
-80.92241236,-228.41580000
-80.88241236,-228.41580000
-80.84241236,-228.41580000
-80.80241236,-232.84100000
-80.76241236,-228.41580000
-80.72241236,-228.41580000
-80.68241236,-228.41580000
-80.64241236,-228.41580000
-80.60241236,-228.41580000
-80.56241236,-228.41580000
-80.52241236,-228.41580000
-80.48241236,-228.41580000
-80.44241237,-228.41580000
-80.40241237,-224.00580000
-80.36241237,-228.41580000
-80.32241237,-228.41580000
-80.28241237,-224.00580000
-80.24241237,-224.00580000
-80.20241237,-224.00580000
-80.16241237,-224.00580000
-80.12241237,-224.00580000
-80.08241237,-224.00580000
-80.04241237,-224.00580000
-80.00241237,-219.59590000
-79.96241237,-224.00580000
-79.92241237,-219.59590000
-79.88241237,-219.59590000
-79.84241237,-219.59590000
-79.80241237,-219.59590000
-79.76241237,-219.59590000
-79.72241237,-219.59590000
-79.68241237,-219.59590000
-79.64241237,-215.18600000
-79.60241237,-210.77610000
-79.56241237,-210.77610000
-79.52241237,-210.77610000
-79.48241237,-210.77610000
-79.44241237,-210.77610000
-79.40241237,-210.77610000
-79.36241237,-206.36610000
-79.32241237,-206.36610000
-79.28241237,-206.36610000
-79.24241237,-206.36610000
-79.20241237,-206.36610000
-79.16241237,-201.95620000
-79.12241237,-206.36610000
-79.08241237,-201.95620000
-79.04241237,-201.95620000
-79.00241237,-197.54630000
-78.96241237,-197.54630000
-78.92241237,-193.13640000
-78.88241237,-193.13640000
-78.84241237,-193.13640000
-78.80241238,-193.13640000
-78.76241238,-193.13640000
-78.72241238,-188.72640000
-78.68241238,-188.72640000
-78.64241238,-188.72640000
-78.60241238,-188.72640000
-78.56241238,-188.72640000
-78.52241238,-184.31650000
-78.48241238,-184.31650000
-78.44241238,-179.89130000
-78.40241238,-175.48140000
-78.36241238,-175.48140000
-78.32241238,-175.48140000
-78.28241238,-175.48140000
-78.24241238,-171.07150000
-78.20241238,-171.07150000
-78.16241238,-171.07150000
-78.12241238,-171.07150000
-78.08241238,-166.66160000
-78.04241238,-162.25160000
-78.00241238,-162.25160000
-77.96241238,-162.25160000
-77.92241238,-157.84170000
-77.88241238,-157.84170000
-77.84241238,-157.84170000
-77.80241238,-153.43180000
-77.76241238,-153.43180000
-77.72241238,-153.43180000
-77.68241238,-149.02190000
-77.64241238,-149.02190000
-77.60241238,-149.02190000
-77.56241238,-144.61190000
-77.52241238,-140.20200000
-77.48241238,-140.20200000
-77.44241238,-135.79210000
-77.40241238,-135.79210000
-77.36241238,-135.79210000
-77.32241238,-135.79210000
-77.28241238,-131.36690000
-77.24241238,-131.36690000
-77.20241238,-126.95700000
-77.16241238,-122.54710000
-77.12241239,-122.54710000
-77.08241239,-122.54710000
-77.04241239,-118.13710000
-77.00241239,-118.13710000
-76.96241239,-118.13710000
-76.92241239,-113.72720000
-76.88241239,-113.72720000
-76.84241239,-104.90740000
-76.80241239,-104.90740000
-76.76241239,-104.90740000
-76.72241239,-100.49750000
-76.68241239,-100.49750000
-76.64241239,-100.49750000
-76.60241239,-96.08752000
-76.56241239,-96.08752000
-76.52241239,-91.67760000
-76.48241239,-87.25241000
-76.44241239,-87.25241000
-76.40241239,-87.25241000
-76.36241239,-82.84248000
-76.32241239,-82.84248000
-76.28241239,-82.84248000
-76.24241239,-78.43256000
-76.20241239,-74.02264000
-76.16241239,-74.02264000
-76.12241239,-69.61272000
-76.08241239,-69.61272000
-76.04241239,-65.20279000
-76.00241239,-65.20279000
-75.96241239,-65.20279000
-75.92241239,-60.79287000
-75.88241239,-56.38294000
-75.84241239,-56.38294000
-75.80241239,-51.97302000
-75.76241239,-51.97302000
-75.72241239,-47.56310000
-75.68241239,-47.56310000
-75.64241239,-47.56310000
-75.60241239,-43.15317000
-75.56241239,-43.15317000
-75.52241239,-38.72799000
-75.48241240,-34.31806000
-75.44241240,-34.31806000
-75.40241240,-29.90814000
-75.36241240,-29.90814000
-75.32241240,-25.49821000
-75.28241240,-25.49821000
-75.24241240,-21.08829000
-75.20241240,-16.67836000
-75.16241240,-12.26844000
-75.12241240,-12.26844000
-75.08241240,-12.26844000
-75.04241240,-12.26844000
-75.00241240,-7.85851600
-74.96241240,-3.44859100
-74.92241240,0.96133300
-74.88241240,0.96133300
-74.84241240,5.37125700
-74.80241240,5.37125700
-74.76241240,5.37125700
-74.72241240,9.78118100
-74.68241240,9.78118100
-74.64241240,14.19111000
-74.60241240,18.60103000
-74.56241240,18.60103000
-74.52241240,18.60103000
-74.48241240,23.01095000
-74.44241240,23.01095000
-74.40241240,27.42088000
-74.36241240,27.42088000
-74.32241240,36.24073000
-74.28241240,36.24073000
-74.24241240,36.24073000
-74.20241240,40.65065000
-74.16241240,40.65065000
-74.12241240,40.65065000
-74.08241240,45.06058000
-74.04241240,49.47050000
-74.00241240,53.89569000
-73.96241240,53.89569000
-73.92241240,53.89569000
-73.88241240,58.30561000
-73.84241241,58.30561000
-73.80241241,62.71553000
-73.76241241,62.71553000
-73.72241241,62.71553000
-73.68241241,67.12546000
-73.64241241,71.53539000
-73.60241241,71.53539000
-73.56241241,75.94530000
-73.52241241,75.94530000
-73.48241241,80.35523000
-73.44241241,80.35523000
-73.40241241,80.35523000
-73.36241241,84.76515000
-73.32241241,89.17508000
-73.28241241,89.17508000
-73.24241241,93.58500000
-73.20241241,93.58500000
-73.16241241,97.99493000
-73.12241241,93.58500000
-73.08241241,97.99493000
-73.04241241,97.99493000
-73.00241241,106.83000000
-72.96241241,106.83000000
-72.92241241,106.83000000
-72.88241241,111.24000000
-72.84241241,111.24000000
-72.80241241,111.24000000
-72.76241241,115.64990000
-72.72241241,115.64990000
-72.68241241,120.05980000
-72.64241241,124.46970000
-72.60241241,124.46970000
-72.56241241,128.87970000
-72.52241241,128.87970000
-72.48241241,128.87970000
-72.44241241,128.87970000
-72.40241241,133.28960000
-72.36241241,133.28960000
-72.32241241,137.69950000
-72.28241241,137.69950000
-72.24241241,142.10940000
-72.20241242,142.10940000
-72.16241242,146.53460000
-72.12241242,146.53460000
-72.08241242,146.53460000
-72.04241242,146.53460000
-72.00241242,150.94450000
-71.96241242,150.94450000
-71.92241242,155.35450000
-71.88241242,155.35450000
-71.84241242,159.76440000
-71.80241242,159.76440000
-71.76241242,164.17430000
-71.72241242,164.17430000
-71.68241242,164.17430000
-71.64241242,164.17430000
-71.60241242,164.17430000
-71.56241242,168.58420000
-71.52241242,168.58420000
-71.48241242,168.58420000
-71.44241242,177.40410000
-71.40241242,177.40410000
-71.36241242,177.40410000
-71.32241242,181.81400000
-71.28241242,181.81400000
-71.24241242,181.81400000
-71.20241242,181.81400000
-71.16241242,181.81400000
-71.12241242,181.81400000
-71.08241242,186.22390000
-71.04241242,186.22390000
-71.00241242,186.22390000
-70.96241242,190.63390000
-70.92241242,195.05900000
-70.88241242,195.05900000
-70.84241242,195.05900000
-70.80241242,195.05900000
-70.76241242,195.05900000
-70.72241242,199.46900000
-70.68241242,199.46900000
-70.64241242,199.46900000
-70.60241242,199.46900000
-70.56241243,203.87890000
-70.52241243,199.46900000
-70.48241243,203.87890000
-70.44241243,203.87890000
-70.40241243,203.87890000
-70.36241243,203.87890000
-70.32241243,203.87890000
-70.28241243,208.28880000
-70.24241243,212.69870000
-70.20241243,212.69870000
-70.16241243,212.69870000
-70.12241243,212.69870000
-70.08241243,212.69870000
-70.04241243,212.69870000
-70.00241243,217.10870000
-69.96241243,217.10870000
-69.92241243,217.10870000
-69.88241243,217.10870000
-69.84241243,217.10870000
-69.80241243,217.10870000
-69.76241243,217.10870000
-69.72241243,217.10870000
-69.68241243,217.10870000
-69.64241243,217.10870000
-69.60241243,217.10870000
-69.56241243,217.10870000
-69.52241243,221.51860000
-69.48241243,221.51860000
-69.44241243,221.51860000
-69.40241243,221.51860000
-69.36241243,221.51860000
-69.32241243,221.51860000
-69.28241243,225.92850000
-69.24241243,221.51860000
-69.20241243,225.92850000
-69.16241243,225.92850000
-69.12241243,225.92850000
-69.08241243,225.92850000
-69.04241243,225.92850000
-69.00241243,230.33840000
-68.96241243,230.33840000
-68.92241244,225.92850000
-68.88241244,225.92850000
-68.84241244,225.92850000
-68.80241244,230.33840000
-68.76241244,230.33840000
-68.72241244,225.92850000
-68.68241244,230.33840000
-68.64241244,230.33840000
-68.60241244,230.33840000
-68.56241244,230.33840000
-68.52241244,230.33840000
-68.48241244,225.92850000
-68.44241244,225.92850000
-68.40241244,225.92850000
-68.36241244,230.33840000
-68.32241244,225.92850000
-68.28241244,225.92850000
-68.24241244,225.92850000
-68.20241244,225.92850000
-68.16241244,221.51860000
-68.12241244,225.92850000
-68.08241244,225.92850000
-68.04241244,225.92850000
-68.00241244,221.51860000
-67.96241244,221.51860000
-67.92241244,221.51860000
-67.88241244,221.51860000
-67.84241244,221.51860000
-67.80241244,217.10870000
-67.76241244,221.51860000
-67.72241244,221.51860000
-67.68241244,217.10870000
-67.64241244,217.10870000
-67.60241244,217.10870000
-67.56241244,217.10870000
-67.52241244,217.10870000
-67.48241244,217.10870000
-67.44241244,217.10870000
-67.40241244,217.10870000
-67.36241244,217.10870000
-67.32241244,217.10870000
-67.28241245,217.10870000
-67.24241245,212.69870000
-67.20241245,212.69870000
-67.16241245,212.69870000
-67.12241245,212.69870000
-67.08241245,212.69870000
-67.04241245,208.28880000
-67.00241245,203.87890000
-66.96241245,203.87890000
-66.92241245,203.87890000
-66.88241245,203.87890000
-66.84241245,199.46900000
-66.80241245,203.87890000
-66.76241245,199.46900000
-66.72241245,199.46900000
-66.68241245,199.46900000
-66.64241245,199.46900000
-66.60241245,199.46900000
-66.56241245,199.46900000
-66.52241245,195.05900000
-66.48241245,195.05900000
-66.44241245,195.05900000
-66.40241245,190.63390000
-66.36241245,190.63390000
-66.32241245,186.22390000
-66.28241245,186.22390000
-66.24241245,186.22390000
-66.20241245,181.81400000
-66.16241245,181.81400000
-66.12241245,181.81400000
-66.08241245,181.81400000
-66.04241245,181.81400000
-66.00241245,181.81400000
-65.96241245,177.40410000
-65.92241245,177.40410000
-65.88241245,177.40410000
-65.84241245,172.99420000
-65.80241245,168.58420000
-65.76241245,168.58420000
-65.72241245,164.17430000
-65.68241245,164.17430000
-65.64241245,164.17430000
-65.60241246,164.17430000
-65.56241246,159.76440000
-65.52241246,159.76440000
-65.48241246,159.76440000
-65.44241246,159.76440000
-65.40241246,155.35450000
-65.36241246,150.94450000
-65.32241246,150.94450000
-65.28241246,146.53460000
-65.24241246,146.53460000
-65.20241246,146.53460000
-65.16241246,146.53460000
-65.12241246,142.10940000
-65.08241246,142.10940000
-65.04241246,142.10940000
-65.00241246,137.69950000
-64.96241246,133.28960000
-64.92241246,133.28960000
-64.88241246,128.87970000
-64.84241246,128.87970000
-64.80241246,128.87970000
-64.76241246,124.46970000
-64.72241246,124.46970000
-64.68241246,124.46970000
-64.64241246,120.05980000
-64.60241246,115.64990000
-64.56241246,115.64990000
-64.52241246,111.24000000
-64.48241246,111.24000000
-64.44241246,111.24000000
-64.40241246,111.24000000
-64.36241246,106.83000000
-64.32241246,102.42010000
-64.28241246,97.99493000
-64.24241246,97.99493000
-64.20241246,93.58500000
-64.16241246,93.58500000
-64.12241246,93.58500000
-64.08241246,93.58500000
-64.04241246,89.17508000
-64.00241246,89.17508000
-63.96241247,89.17508000
-63.92241247,80.35523000
-63.88241247,80.35523000
-63.84241247,75.94530000
-63.80241247,75.94530000
-63.76241247,75.94530000
-63.72241247,71.53539000
-63.68241247,71.53539000
-63.64241247,71.53539000
-63.60241247,62.71553000
-63.56241247,62.71553000
-63.52241247,58.30561000
-63.48241247,58.30561000
-63.44241247,58.30561000
-63.40241247,53.89569000
-63.36241247,53.89569000
-63.32241247,49.47050000
-63.28241247,45.06058000
-63.24241247,45.06058000
-63.20241247,40.65065000
-63.16241247,40.65065000
-63.12241247,40.65065000
-63.08241247,36.24073000
-63.04241247,36.24073000
-63.00241247,31.83080000
-62.96241247,27.42088000
-62.92241247,27.42088000
-62.88241247,23.01095000
-62.84241247,23.01095000
-62.80241247,18.60103000
-62.76241247,18.60103000
-62.72241247,14.19111000
-62.68241247,14.19111000
-62.64241247,9.78118100
-62.60241247,5.37125700
-62.56241247,5.37125700
-62.52241247,5.37125700
-62.48241247,0.96133300
-62.44241247,0.96133300
-62.40241247,0.96133300
-62.36241247,-7.85851600
-62.32241248,-7.85851600
-62.28241248,-12.26844000
-62.24241248,-12.26844000
-62.20241248,-12.26844000
-62.16241248,-16.67836000
-62.12241248,-16.67836000
-62.08241248,-16.67836000
-62.04241248,-25.49821000
-62.00241248,-25.49821000
-61.96241248,-29.90814000
-61.92241248,-29.90814000
-61.88241248,-29.90814000
-61.84241248,-34.31806000
-61.80241248,-38.72799000
-61.76241248,-38.72799000
-61.72241248,-43.15317000
-61.68241248,-47.56310000
-61.64241248,-47.56310000
-61.60241248,-47.56310000
-61.56241248,-51.97302000
-61.52241248,-51.97302000
-61.48241248,-56.38294000
-61.44241248,-56.38294000
-61.40241248,-60.79287000
-61.36241248,-65.20279000
-61.32241248,-65.20279000
-61.28241248,-65.20279000
-61.24241248,-69.61272000
-61.20241248,-69.61272000
-61.16241248,-69.61272000
-61.12241248,-78.43256000
-61.08241248,-78.43256000
-61.04241248,-82.84248000
-61.00241248,-82.84248000
-60.96241248,-82.84248000
-60.92241248,-82.84248000
-60.88241248,-87.25241000
-60.84241248,-87.25241000
-60.80241248,-91.67760000
-60.76241248,-91.67760000
-60.72241248,-96.08752000
-60.68241249,-100.49750000
-60.64241249,-100.49750000
-60.60241249,-104.90740000
-60.56241249,-104.90740000
-60.52241249,-104.90740000
-60.48241249,-109.31730000
-60.44241249,-113.72720000
-60.40241249,-113.72720000
-60.36241249,-118.13710000
-60.32241249,-118.13710000
-60.28241249,-122.54710000
-60.24241249,-122.54710000
-60.20241249,-122.54710000
-60.16241249,-126.95700000
-60.12241249,-126.95700000
-60.08241249,-131.36690000
-60.04241249,-131.36690000
-60.00241249,-135.79210000
-59.96241249,-135.79210000
-59.92241249,-135.79210000
-59.88241249,-140.20200000
-59.84241249,-140.20200000
-59.80241249,-140.20200000
-59.76241249,-144.61190000
-59.72241249,-144.61190000
-59.68241249,-149.02190000
-59.64241249,-149.02190000
-59.60241249,-153.43180000
-59.56241249,-153.43180000
-59.52241249,-153.43180000
-59.48241249,-153.43180000
-59.44241249,-157.84170000
-59.40241249,-157.84170000
-59.36241249,-157.84170000
-59.32241249,-162.25160000
-59.28241249,-166.66160000
-59.24241249,-171.07150000
-59.20241249,-171.07150000
-59.16241249,-171.07150000
-59.12241249,-171.07150000
-59.08241249,-171.07150000
-59.04241250,-175.48140000
-59.00241250,-175.48140000
-58.96241250,-175.48140000
-58.92241250,-179.89130000
-58.88241250,-179.89130000
-58.84241250,-184.31650000
-58.80241250,-184.31650000
-58.76241250,-184.31650000
-58.72241250,-188.72640000
-58.68241250,-188.72640000
-58.64241250,-188.72640000
-58.60241250,-188.72640000
-58.56241250,-188.72640000
-58.52241250,-193.13640000
-58.48241250,-193.13640000
-58.44241250,-193.13640000
-58.40241250,-197.54630000
-58.36241250,-197.54630000
-58.32241250,-197.54630000
-58.28241250,-201.95620000
-58.24241250,-201.95620000
-58.20241250,-201.95620000
-58.16241250,-206.36610000
-58.12241250,-206.36610000
-58.08241250,-206.36610000
-58.04241250,-206.36610000
-58.00241250,-206.36610000
-57.96241250,-206.36610000
-57.92241250,-210.77610000
-57.88241250,-210.77610000
-57.84241250,-210.77610000
-57.80241250,-210.77610000
-57.76241250,-215.18600000
-57.72241250,-215.18600000
-57.68241250,-215.18600000
-57.64241250,-215.18600000
-57.60241250,-219.59590000
-57.56241250,-219.59590000
-57.52241250,-219.59590000
-57.48241250,-219.59590000
-57.44241250,-219.59590000
-57.40241251,-219.59590000
-57.36241251,-224.00580000
-57.32241251,-224.00580000
-57.28241251,-224.00580000
-57.24241251,-224.00580000
-57.20241251,-224.00580000
-57.16241251,-224.00580000
-57.12241251,-224.00580000
-57.08241251,-224.00580000
-57.04241251,-228.41580000
-57.00241251,-224.00580000
-56.96241251,-228.41580000
-56.92241251,-228.41580000
-56.88241251,-228.41580000
-56.84241251,-228.41580000
-56.80241251,-228.41580000
-56.76241251,-228.41580000
-56.72241251,-228.41580000
-56.68241251,-228.41580000
-56.64241251,-228.41580000
-56.60241251,-228.41580000
-56.56241251,-228.41580000
-56.52241251,-228.41580000
-56.48241251,-228.41580000
-56.44241251,-228.41580000
-56.40241251,-228.41580000
-56.36241251,-228.41580000
-56.32241251,-232.84100000
-56.28241251,-228.41580000
-56.24241251,-232.84100000
-56.20241251,-232.84100000
-56.16241251,-232.84100000
-56.12241251,-232.84100000
-56.08241251,-228.41580000
-56.04241251,-228.41580000
-56.00241251,-232.84100000
-55.96241251,-232.84100000
-55.92241251,-228.41580000
-55.88241251,-228.41580000
-55.84241251,-228.41580000
-55.80241251,-228.41580000
-55.76241252,-228.41580000
-55.72241252,-228.41580000
-55.68241252,-228.41580000
-55.64241252,-228.41580000
-55.60241252,-228.41580000
-55.56241252,-228.41580000
-55.52241252,-228.41580000
-55.48241252,-228.41580000
-55.44241252,-228.41580000
-55.40241252,-228.41580000
-55.36241252,-228.41580000
-55.32241252,-224.00580000
-55.28241252,-224.00580000
-55.24241252,-224.00580000
-55.20241252,-224.00580000
-55.16241252,-224.00580000
-55.12241252,-224.00580000
-55.08241252,-224.00580000
-55.04241252,-224.00580000
-55.00241252,-224.00580000
-54.96241252,-224.00580000
-54.92241252,-224.00580000
-54.88241252,-219.59590000
-54.84241252,-219.59590000
-54.80241252,-219.59590000
-54.76241252,-219.59590000
-54.72241252,-215.18600000
-54.68241252,-219.59590000
-54.64241252,-215.18600000
-54.60241252,-219.59590000
-54.56241252,-210.77610000
-54.52241252,-210.77610000
-54.48241252,-210.77610000
-54.44241252,-210.77610000
-54.40241252,-210.77610000
-54.36241252,-206.36610000
-54.32241252,-206.36610000
-54.28241252,-206.36610000
-54.24241252,-206.36610000
-54.20241252,-201.95620000
-54.16241252,-206.36610000
-54.12241253,-206.36610000
-54.08241253,-201.95620000
-54.04241253,-197.54630000
-54.00241253,-201.95620000
-53.96241253,-197.54630000
-53.92241253,-197.54630000
-53.88241253,-193.13640000
-53.84241253,-193.13640000
-53.80241253,-193.13640000
-53.76241253,-188.72640000
-53.72241253,-188.72640000
-53.68241253,-188.72640000
-53.64241253,-184.31650000
-53.60241253,-188.72640000
-53.56241253,-184.31650000
-53.52241253,-184.31650000
-53.48241253,-184.31650000
-53.44241253,-175.48140000
-53.40241253,-179.89130000
-53.36241253,-179.89130000
-53.32241253,-175.48140000
-53.28241253,-175.48140000
-53.24241253,-171.07150000
-53.20241253,-171.07150000
-53.16241253,-171.07150000
-53.12241253,-171.07150000
-53.08241253,-166.66160000
-53.04241253,-166.66160000
-53.00241253,-162.25160000
-52.96241253,-162.25160000
-52.92241253,-157.84170000
-52.88241253,-157.84170000
-52.84241253,-153.43180000
-52.80241253,-153.43180000
-52.76241253,-153.43180000
-52.72241253,-153.43180000
-52.68241253,-153.43180000
-52.64241253,-149.02190000
-52.60241253,-149.02190000
-52.56241253,-144.61190000
-52.52241253,-140.20200000
-52.48241253,-140.20200000
-52.44241254,-140.20200000
-52.40241254,-135.79210000
-52.36241254,-135.79210000
-52.32241254,-135.79210000
-52.28241254,-131.36690000
-52.24241254,-131.36690000
-52.20241254,-126.95700000
-52.16241254,-122.54710000
-52.12241254,-122.54710000
-52.08241254,-122.54710000
-52.04241254,-118.13710000
-52.00241254,-118.13710000
-51.96241254,-118.13710000
-51.92241254,-113.72720000
-51.88241254,-113.72720000
-51.84241254,-104.90740000
-51.80241254,-104.90740000
-51.76241254,-104.90740000
-51.72241254,-104.90740000
-51.68241254,-100.49750000
-51.64241254,-100.49750000
-51.60241254,-100.49750000
-51.56241254,-96.08752000
-51.52241254,-96.08752000
-51.48241254,-87.25241000
-51.44241254,-87.25241000
-51.40241254,-87.25241000
-51.36241254,-82.84248000
-51.32241254,-82.84248000
-51.28241254,-78.43256000
-51.24241254,-78.43256000
-51.20241254,-78.43256000
-51.16241254,-74.02264000
-51.12241254,-69.61272000
-51.08241254,-69.61272000
-51.04241254,-65.20279000
-51.00241254,-65.20279000
-50.96241254,-60.79287000
-50.92241254,-60.79287000
-50.88241254,-60.79287000
-50.84241254,-51.97302000
-50.80241255,-51.97302000
-50.76241255,-51.97302000
-50.72241255,-47.56310000
-50.68241255,-47.56310000
-50.64241255,-43.15317000
-50.60241255,-43.15317000
-50.56241255,-38.72799000
-50.52241255,-34.31806000
-50.48241255,-34.31806000
-50.44241255,-34.31806000
-50.40241255,-29.90814000
-50.36241255,-29.90814000
-50.32241255,-29.90814000
-50.28241255,-25.49821000
-50.24241255,-21.08829000
-50.20241255,-16.67836000
-50.16241255,-16.67836000
-50.12241255,-12.26844000
-50.08241255,-12.26844000
-50.04241255,-12.26844000
-50.00241255,-7.85851600
-49.96241255,-3.44859100
-49.92241255,0.96133300
-49.88241255,0.96133300
-49.84241255,0.96133300
-49.80241255,5.37125700
-49.76241255,5.37125700
-49.72241255,9.78118100
-49.68241255,9.78118100
-49.64241255,14.19111000
-49.60241255,18.60103000
-49.56241255,18.60103000
-49.52241255,18.60103000
-49.48241255,23.01095000
-49.44241255,23.01095000
-49.40241255,27.42088000
-49.36241255,27.42088000
-49.32241255,27.42088000
-49.28241255,36.24073000
-49.24241255,36.24073000
-49.20241255,40.65065000
-49.16241256,40.65065000
-49.12241256,45.06058000
-49.08241256,45.06058000
-49.04241256,45.06058000
-49.00241256,53.89569000
-48.96241256,53.89569000
-48.92241256,53.89569000
-48.88241256,58.30561000
-48.84241256,58.30561000
-48.80241256,62.71553000
-48.76241256,62.71553000
-48.72241256,67.12546000
-48.68241256,71.53539000
-48.64241256,71.53539000
-48.60241256,71.53539000
-48.56241256,75.94530000
-48.52241256,75.94530000
-48.48241256,80.35523000
-48.44241256,80.35523000
-48.40241256,80.35523000
-48.36241256,84.76515000
-48.32241256,89.17508000
-48.28241256,89.17508000
-48.24241256,93.58500000
-48.20241256,93.58500000
-48.16241256,93.58500000
-48.12241256,93.58500000
-48.08241256,97.99493000
-48.04241256,97.99493000
-48.00241256,106.83000000
-47.96241256,106.83000000
-47.92241256,106.83000000
-47.88241256,111.24000000
-47.84241256,111.24000000
-47.80241256,111.24000000
-47.76241256,115.64990000
-47.72241256,120.05980000
-47.68241256,120.05980000
-47.64241256,124.46970000
-47.60241256,124.46970000
-47.56241256,124.46970000
-47.52241257,128.87970000
-47.48241257,128.87970000
-47.44241257,128.87970000
-47.40241257,133.28960000
-47.36241257,133.28960000
-47.32241257,133.28960000
-47.28241257,142.10940000
-47.24241257,142.10940000
-47.20241257,142.10940000
-47.16241257,146.53460000
-47.12241257,146.53460000
-47.08241257,146.53460000
-47.04241257,146.53460000
-47.00241257,150.94450000
-46.96241257,150.94450000
-46.92241257,155.35450000
-46.88241257,155.35450000
-46.84241257,159.76440000
-46.80241257,159.76440000
-46.76241257,164.17430000
-46.72241257,164.17430000
-46.68241257,164.17430000
-46.64241257,164.17430000
-46.60241257,164.17430000
-46.56241257,168.58420000
-46.52241257,172.99420000
-46.48241257,172.99420000
-46.44241257,177.40410000
-46.40241257,177.40410000
-46.36241257,177.40410000
-46.32241257,177.40410000
-46.28241257,181.81400000
-46.24241257,181.81400000
-46.20241257,181.81400000
-46.16241257,181.81400000
-46.12241257,186.22390000
-46.08241257,186.22390000
-46.04241257,186.22390000
-46.00241257,190.63390000
-45.96241257,190.63390000
-45.92241257,190.63390000
-45.88241258,195.05900000
-45.84241258,195.05900000
-45.80241258,195.05900000
-45.76241258,195.05900000
-45.72241258,195.05900000
-45.68241258,199.46900000
-45.64241258,199.46900000
-45.60241258,199.46900000
-45.56241258,199.46900000
-45.52241258,203.87890000
-45.48241258,203.87890000
-45.44241258,203.87890000
-45.40241258,203.87890000
-45.36241258,203.87890000
-45.32241258,208.28880000
-45.28241258,208.28880000
-45.24241258,212.69870000
-45.20241258,208.28880000
-45.16241258,212.69870000
-45.12241258,212.69870000
-45.08241258,212.69870000
-45.04241258,212.69870000
-45.00241258,212.69870000
-44.96241258,217.10870000
-44.92241258,217.10870000
-44.88241258,217.10870000
-44.84241258,217.10870000
-44.80241258,217.10870000
-44.76241258,217.10870000
-44.72241258,217.10870000
-44.68241258,217.10870000
-44.64241258,217.10870000
-44.60241258,217.10870000
-44.56241258,217.10870000
-44.52241258,221.51860000
-44.48241258,221.51860000
-44.44241258,221.51860000
-44.40241258,221.51860000
-44.36241258,221.51860000
-44.32241258,225.92850000
-44.28241258,225.92850000
-44.24241259,225.92850000
-44.20241259,221.51860000
-44.16241259,225.92850000
-44.12241259,225.92850000
-44.08241259,225.92850000
-44.04241259,225.92850000
-44.00241259,225.92850000
-43.96241259,225.92850000
-43.92241259,225.92850000
-43.88241259,225.92850000
-43.84241259,225.92850000
-43.80241259,225.92850000
-43.76241259,225.92850000
-43.72241259,225.92850000
-43.68241259,225.92850000
-43.64241259,230.33840000
-43.60241259,225.92850000
-43.56241259,225.92850000
-43.52241259,230.33840000
-43.48241259,230.33840000
-43.44241259,225.92850000
-43.40241259,225.92850000
-43.36241259,225.92850000
-43.32241259,225.92850000
-43.28241259,225.92850000
-43.24241259,225.92850000
-43.20241259,230.33840000
-43.16241259,225.92850000
-43.12241259,221.51860000
-43.08241259,221.51860000
-43.04241259,225.92850000
-43.00241259,221.51860000
-42.96241259,221.51860000
-42.92241259,221.51860000
-42.88241259,221.51860000
-42.84241259,221.51860000
-42.80241259,221.51860000
-42.76241259,221.51860000
-42.72241259,217.10870000
-42.68241259,221.51860000
-42.64241259,217.10870000
-42.60241260,217.10870000
-42.56241260,217.10870000
-42.52241260,217.10870000
-42.48241260,217.10870000
-42.44241260,217.10870000
-42.40241260,217.10870000
-42.36241260,217.10870000
-42.32241260,212.69870000
-42.28241260,212.69870000
-42.24241260,212.69870000
-42.20241260,212.69870000
-42.16241260,212.69870000
-42.12241260,212.69870000
-42.08241260,208.28880000
-42.04241260,208.28880000
-42.00241260,203.87890000
-41.96241260,208.28880000
-41.92241260,203.87890000
-41.88241260,199.46900000
-41.84241260,203.87890000
-41.80241260,199.46900000
-41.76241260,199.46900000
-41.72241260,199.46900000
-41.68241260,199.46900000
-41.64241260,199.46900000
-41.60241260,199.46900000
-41.56241260,199.46900000
-41.52241260,195.05900000
-41.48241260,195.05900000
-41.44241260,195.05900000
-41.40241260,190.63390000
-41.36241260,190.63390000
-41.32241260,186.22390000
-41.28241260,186.22390000
-41.24241260,186.22390000
-41.20241260,186.22390000
-41.16241260,181.81400000
-41.12241260,181.81400000
-41.08241260,181.81400000
-41.04241260,181.81400000
-41.00241260,181.81400000
-40.96241260,177.40410000
-40.92241261,177.40410000
-40.88241261,177.40410000
-40.84241261,177.40410000
-40.80241261,168.58420000
-40.76241261,168.58420000
-40.72241261,164.17430000
-40.68241261,164.17430000
-40.64241261,164.17430000
-40.60241261,164.17430000
-40.56241261,164.17430000
-40.52241261,159.76440000
-40.48241261,159.76440000
-40.44241261,155.35450000
-40.40241261,155.35450000
-40.36241261,150.94450000
-40.32241261,150.94450000
-40.28241261,146.53460000
-40.24241261,146.53460000
-40.20241261,146.53460000
-40.16241261,146.53460000
-40.12241261,142.10940000
-40.08241261,142.10940000
-40.04241261,137.69950000
-40.00241261,137.69950000
-39.96241261,133.28960000
-39.92241261,133.28960000
-39.88241261,128.87970000
-39.84241261,128.87970000
-39.80241261,128.87970000
-39.76241261,124.46970000
-39.72241261,124.46970000
-39.68241261,120.05980000
-39.64241261,120.05980000
-39.60241261,115.64990000
-39.56241261,111.24000000
-39.52241261,111.24000000
-39.48241261,111.24000000
-39.44241261,111.24000000
-39.40241261,111.24000000
-39.36241261,106.83000000
-39.32241261,102.42010000
-39.28241262,97.99493000
-39.24241262,97.99493000
-39.20241262,97.99493000
-39.16241262,93.58500000
-39.12241262,93.58500000
-39.08241262,89.17508000
-39.04241262,89.17508000
-39.00241262,89.17508000
-38.96241262,84.76515000
-38.92241262,80.35523000
-38.88241262,80.35523000
-38.84241262,75.94530000
-38.80241262,75.94530000
-38.76241262,71.53539000
-38.72241262,75.94530000
-38.68241262,71.53539000
-38.64241262,67.12546000
-38.60241262,62.71553000
-38.56241262,62.71553000
-38.52241262,62.71553000
-38.48241262,58.30561000
-38.44241262,58.30561000
-38.40241262,53.89569000
-38.36241262,53.89569000
-38.32241262,49.47050000
-38.28241262,45.06058000
-38.24241262,40.65065000
-38.20241262,40.65065000
-38.16241262,40.65065000
-38.12241262,40.65065000
-38.08241262,36.24073000
-38.04241262,36.24073000
-38.00241262,31.83080000
-37.96241262,27.42088000
-37.92241262,23.01095000
-37.88241262,23.01095000
-37.84241262,23.01095000
-37.80241262,18.60103000
-37.76241262,18.60103000
-37.72241262,14.19111000
-37.68241262,14.19111000
-37.64241263,9.78118100
-37.60241263,5.37125700
-37.56241263,5.37125700
-37.52241263,5.37125700
-37.48241263,0.96133300
-37.44241263,0.96133300
-37.40241263,-3.44859100
-37.36241263,-7.85851600
-37.32241263,-7.85851600
-37.28241263,-12.26844000
-37.24241263,-12.26844000
-37.20241263,-12.26844000
-37.16241263,-16.67836000
-37.12241263,-16.67836000
-37.08241263,-21.08829000
-37.04241263,-25.49821000
-37.00241263,-29.90814000
-36.96241263,-29.90814000
-36.92241263,-29.90814000
-36.88241263,-34.31806000
-36.84241263,-34.31806000
-36.80241263,-38.72799000
-36.76241263,-43.15317000
-36.72241263,-47.56310000
-36.68241263,-47.56310000
-36.64241263,-47.56310000
-36.60241263,-51.97302000
-36.56241263,-51.97302000
-36.52241263,-51.97302000
-36.48241263,-60.79287000
-36.44241263,-60.79287000
-36.40241263,-60.79287000
-36.36241263,-65.20279000
-36.32241263,-65.20279000
-36.28241263,-65.20279000
-36.24241263,-69.61272000
-36.20241263,-69.61272000
-36.16241263,-74.02264000
-36.12241263,-78.43256000
-36.08241263,-78.43256000
-36.04241263,-82.84248000
-36.00241264,-82.84248000
-35.96241264,-82.84248000
-35.92241264,-87.25241000
-35.88241264,-87.25241000
-35.84241264,-87.25241000
-35.80241264,-91.67760000
-35.76241264,-96.08752000
-35.72241264,-100.49750000
-35.68241264,-100.49750000
-35.64241264,-100.49750000
-35.60241264,-100.49750000
-35.56241264,-104.90740000
-35.52241264,-109.31730000
-35.48241264,-109.31730000
-35.44241264,-113.72720000
-35.40241264,-118.13710000
-35.36241264,-118.13710000
-35.32241264,-118.13710000
-35.28241264,-118.13710000
-35.24241264,-122.54710000
-35.20241264,-122.54710000
-35.16241264,-126.95700000
-35.12241264,-131.36690000
-35.08241264,-131.36690000
-35.04241264,-131.36690000
-35.00241264,-135.79210000
-34.96241264,-135.79210000
-34.92241264,-135.79210000
-34.88241264,-140.20200000
-34.84241264,-140.20200000
-34.80241264,-140.20200000
-34.76241264,-144.61190000
-34.72241264,-149.02190000
-34.68241264,-149.02190000
-34.64241264,-149.02190000
-34.60241264,-153.43180000
-34.56241264,-153.43180000
-34.52241264,-153.43180000
-34.48241264,-157.84170000
-34.44241264,-157.84170000
-34.40241264,-157.84170000
-34.36241265,-162.25160000
-34.32241265,-162.25160000
-34.28241265,-166.66160000
-34.24241265,-171.07150000
-34.20241265,-171.07150000
-34.16241265,-171.07150000
-34.12241265,-171.07150000
-34.08241265,-171.07150000
-34.04241265,-175.48140000
-34.00241265,-175.48140000
-33.96241265,-175.48140000
-33.92241265,-179.89130000
-33.88241265,-184.31650000
-33.84241265,-184.31650000
-33.80241265,-184.31650000
-33.76241265,-184.31650000
-33.72241265,-188.72640000
-33.68241265,-188.72640000
-33.64241265,-188.72640000
-33.60241265,-188.72640000
-33.56241265,-188.72640000
-33.52241265,-193.13640000
-33.48241265,-193.13640000
-33.44241265,-197.54630000
-33.40241265,-197.54630000
-33.36241265,-197.54630000
-33.32241265,-201.95620000
-33.28241265,-201.95620000
-33.24241265,-201.95620000
-33.20241265,-201.95620000
-33.16241265,-206.36610000
-33.12241265,-206.36610000
-33.08241265,-206.36610000
-33.04241265,-206.36610000
-33.00241265,-206.36610000
-32.96241265,-206.36610000
-32.92241265,-210.77610000
-32.88241265,-210.77610000
-32.84241265,-210.77610000
-32.80241265,-210.77610000
-32.76241265,-210.77610000
-32.72241266,-215.18600000
-32.68241266,-215.18600000
-32.64241266,-219.59590000
-32.60241266,-219.59590000
-32.56241266,-219.59590000
-32.52241266,-219.59590000
-32.48241266,-219.59590000
-32.44241266,-224.00580000
-32.40241266,-219.59590000
-32.36241266,-219.59590000
-32.32241266,-224.00580000
-32.28241266,-224.00580000
-32.24241266,-224.00580000
-32.20241266,-224.00580000
-32.16241266,-224.00580000
-32.12241266,-224.00580000
-32.08241266,-228.41580000
-32.04241266,-224.00580000
-32.00241266,-224.00580000
-31.96241266,-224.00580000
-31.92241266,-228.41580000
-31.88241266,-228.41580000
-31.84241266,-228.41580000
-31.80241266,-228.41580000
-31.76241266,-228.41580000
-31.72241266,-228.41580000
-31.68241266,-228.41580000
-31.64241266,-228.41580000
-31.60241266,-228.41580000
-31.56241266,-228.41580000
-31.52241266,-228.41580000
-31.48241266,-228.41580000
-31.44241266,-232.84100000
-31.40241266,-232.84100000
-31.36241266,-228.41580000
-31.32241266,-228.41580000
-31.28241266,-228.41580000
-31.24241266,-232.84100000
-31.20241266,-232.84100000
-31.16241266,-232.84100000
-31.12241266,-232.84100000
-31.08241267,-228.41580000
-31.04241267,-232.84100000
-31.00241267,-228.41580000
-30.96241267,-228.41580000
-30.92241267,-228.41580000
-30.88241267,-228.41580000
-30.84241267,-228.41580000
-30.80241267,-228.41580000
-30.76241267,-228.41580000
-30.72241267,-228.41580000
-30.68241267,-228.41580000
-30.64241267,-228.41580000
-30.60241267,-232.84100000
-30.56241267,-228.41580000
-30.52241267,-228.41580000
-30.48241267,-228.41580000
-30.44241267,-228.41580000
-30.40241267,-228.41580000
-30.36241267,-228.41580000
-30.32241267,-228.41580000
-30.28241267,-228.41580000
-30.24241267,-224.00580000
-30.20241267,-224.00580000
-30.16241267,-224.00580000
-30.12241267,-224.00580000
-30.08241267,-224.00580000
-30.04241267,-224.00580000
-30.00241267,-219.59590000
-29.96241267,-224.00580000
-29.92241267,-219.59590000
-29.88241267,-219.59590000
-29.84241267,-219.59590000
-29.80241267,-219.59590000
-29.76241267,-219.59590000
-29.72241267,-215.18600000
-29.68241267,-215.18600000
-29.64241267,-215.18600000
-29.60241267,-210.77610000
-29.56241267,-210.77610000
-29.52241267,-210.77610000
-29.48241267,-210.77610000
-29.44241267,-210.77610000
-29.40241268,-210.77610000
-29.36241268,-206.36610000
-29.32241268,-206.36610000
-29.28241268,-206.36610000
-29.24241268,-206.36610000
-29.20241268,-206.36610000
-29.16241268,-201.95620000
-29.12241268,-201.95620000
-29.08241268,-201.95620000
-29.04241268,-201.95620000
-29.00241268,-197.54630000
-28.96241268,-197.54630000
-28.92241268,-193.13640000
-28.88241268,-193.13640000
-28.84241268,-193.13640000
-28.80241268,-193.13640000
-28.76241268,-193.13640000
-28.72241268,-188.72640000
-28.68241268,-188.72640000
-28.64241268,-188.72640000
-28.60241268,-188.72640000
-28.56241268,-184.31650000
-28.52241268,-184.31650000
-28.48241268,-184.31650000
-28.44241268,-179.89130000
-28.40241268,-179.89130000
-28.36241268,-175.48140000
-28.32241268,-175.48140000
-28.28241268,-175.48140000
-28.24241268,-171.07150000
-28.20241268,-171.07150000
-28.16241268,-171.07150000
-28.12241268,-171.07150000
-28.08241268,-166.66160000
-28.04241268,-166.66160000
-28.00241268,-162.25160000
-27.96241268,-162.25160000
-27.92241268,-157.84170000
-27.88241268,-157.84170000
-27.84241268,-157.84170000
-27.80241268,-153.43180000
-27.76241269,-153.43180000
-27.72241269,-153.43180000
-27.68241269,-149.02190000
-27.64241269,-149.02190000
-27.60241269,-144.61190000
-27.56241269,-144.61190000
-27.52241269,-140.20200000
-27.48241269,-140.20200000
-27.44241269,-140.20200000
-27.40241269,-135.79210000
-27.36241269,-135.79210000
-27.32241269,-135.79210000
-27.28241269,-131.36690000
-27.24241269,-131.36690000
-27.20241269,-126.95700000
-27.16241269,-126.95700000
-27.12241269,-122.54710000
-27.08241269,-122.54710000
-27.04241269,-118.13710000
-27.00241269,-118.13710000
-26.96241269,-118.13710000
-26.92241269,-113.72720000
-26.88241269,-113.72720000
-26.84241269,-113.72720000
-26.80241269,-104.90740000
-26.76241269,-104.90740000
-26.72241269,-100.49750000
-26.68241269,-100.49750000
-26.64241269,-100.49750000
-26.60241269,-96.08752000
-26.56241269,-91.67760000
-26.52241269,-91.67760000
-26.48241269,-87.25241000
-26.44241269,-87.25241000
-26.40241269,-82.84248000
-26.36241269,-82.84248000
-26.32241269,-82.84248000
-26.28241269,-82.84248000
-26.24241269,-78.43256000
-26.20241269,-78.43256000
-26.16241269,-69.61272000
-26.12241270,-69.61272000
-26.08241270,-65.20279000
-26.04241270,-65.20279000
-26.00241270,-65.20279000
-25.96241270,-65.20279000
-25.92241270,-60.79287000
-25.88241270,-56.38294000
-25.84241270,-51.97302000
-25.80241270,-51.97302000
-25.76241270,-51.97302000
-25.72241270,-47.56310000
-25.68241270,-47.56310000
-25.64241270,-43.15317000
-25.60241270,-43.15317000
-25.56241270,-43.15317000
-25.52241270,-34.31806000
-25.48241270,-34.31806000
-25.44241270,-29.90814000
-25.40241270,-29.90814000
-25.36241270,-29.90814000
-25.32241270,-29.90814000
-25.28241270,-25.49821000
-25.24241270,-16.67836000
-25.20241270,-16.67836000
-25.16241270,-16.67836000
-25.12241270,-12.26844000
-25.08241270,-12.26844000
-25.04241270,-7.85851600
-25.00241270,-7.85851600
-24.96241270,-3.44859100
-24.92241270,0.96133300
-24.88241270,0.96133300
-24.84241270,0.96133300
-24.80241270,5.37125700
-24.76241270,5.37125700
-24.72241270,5.37125700
-24.68241270,9.78118100
-24.64241270,14.19111000
-24.60241270,14.19111000
-24.56241270,18.60103000
-24.52241270,23.01095000
-24.48241271,23.01095000
-24.44241271,23.01095000
-24.40241271,27.42088000
-24.36241271,31.83080000
-24.32241271,36.24073000
-24.28241271,36.24073000
-24.24241271,36.24073000
-24.20241271,36.24073000
-24.16241271,40.65065000
-24.12241271,40.65065000
-24.08241271,45.06058000
-24.04241271,49.47050000
-24.00241271,49.47050000
-23.96241271,53.89569000
-23.92241271,53.89569000
-23.88241271,58.30561000
-23.84241271,58.30561000
-23.80241271,58.30561000
-23.76241271,62.71553000
-23.72241271,67.12546000
-23.68241271,67.12546000
-23.64241271,71.53539000
-23.60241271,75.94530000
-23.56241271,75.94530000
-23.52241271,75.94530000
-23.48241271,75.94530000
-23.44241271,80.35523000
-23.40241271,84.76515000
-23.36241271,84.76515000
-23.32241271,89.17508000
-23.28241271,89.17508000
-23.24241271,93.58500000
-23.20241271,93.58500000
-23.16241271,93.58500000
-23.12241271,97.99493000
-23.08241271,97.99493000
-23.04241271,102.42010000
-23.00241271,106.83000000
-22.96241271,106.83000000
-22.92241271,106.83000000
-22.88241271,111.24000000
-22.84241272,111.24000000
-22.80241272,111.24000000
-22.76241272,115.64990000
-22.72241272,115.64990000
-22.68241272,120.05980000
-22.64241272,124.46970000
-22.60241272,124.46970000
-22.56241272,128.87970000
-22.52241272,128.87970000
-22.48241272,128.87970000
-22.44241272,128.87970000
-22.40241272,133.28960000
-22.36241272,133.28960000
-22.32241272,137.69950000
-22.28241272,137.69950000
-22.24241272,142.10940000
-22.20241272,146.53460000
-22.16241272,146.53460000
-22.12241272,146.53460000
-22.08241272,146.53460000
-22.04241272,146.53460000
-22.00241272,150.94450000
-21.96241272,150.94450000
-21.92241272,155.35450000
-21.88241272,155.35450000
-21.84241272,159.76440000
-21.80241272,159.76440000
-21.76241272,159.76440000
-21.72241272,164.17430000
-21.68241272,164.17430000
-21.64241272,164.17430000
-21.60241272,168.58420000
-21.56241272,168.58420000
-21.52241272,172.99420000
-21.48241272,168.58420000
-21.44241272,177.40410000
-21.40241272,177.40410000
-21.36241272,177.40410000
-21.32241272,181.81400000
-21.28241272,181.81400000
-21.24241272,181.81400000
-21.20241273,181.81400000
-21.16241273,181.81400000
-21.12241273,181.81400000
-21.08241273,186.22390000
-21.04241273,186.22390000
-21.00241273,186.22390000
-20.96241273,190.63390000
-20.92241273,190.63390000
-20.88241273,195.05900000
-20.84241273,195.05900000
-20.80241273,195.05900000
-20.76241273,195.05900000
-20.72241273,199.46900000
-20.68241273,199.46900000
-20.64241273,199.46900000
-20.60241273,199.46900000
-20.56241273,199.46900000
-20.52241273,199.46900000
-20.48241273,203.87890000
-20.44241273,203.87890000
-20.40241273,203.87890000
-20.36241273,203.87890000
-20.32241273,208.28880000
-20.28241273,208.28880000
-20.24241273,212.69870000
-20.20241273,208.28880000
-20.16241273,212.69870000
-20.12241273,212.69870000
-20.08241273,212.69870000
-20.04241273,212.69870000
-20.00241273,212.69870000
-19.96241273,217.10870000
-19.92241273,217.10870000
-19.88241273,217.10870000
-19.84241273,217.10870000
-19.80241273,217.10870000
-19.76241273,217.10870000
-19.72241273,217.10870000
-19.68241273,217.10870000
-19.64241273,217.10870000
-19.60241273,217.10870000
-19.56241274,221.51860000
-19.52241274,221.51860000
-19.48241274,221.51860000
-19.44241274,221.51860000
-19.40241274,221.51860000
-19.36241274,221.51860000
-19.32241274,221.51860000
-19.28241274,221.51860000
-19.24241274,221.51860000
-19.20241274,221.51860000
-19.16241274,225.92850000
-19.12241274,225.92850000
-19.08241274,225.92850000
-19.04241274,225.92850000
-19.00241274,225.92850000
-18.96241274,225.92850000
-18.92241274,225.92850000
-18.88241274,225.92850000
-18.84241274,225.92850000
-18.80241274,225.92850000
-18.76241274,230.33840000
-18.72241274,225.92850000
-18.68241274,225.92850000
-18.64241274,230.33840000
-18.60241274,225.92850000
-18.56241274,225.92850000
-18.52241274,221.51860000
-18.48241274,230.33840000
-18.44241274,230.33840000
-18.40241274,225.92850000
-18.36241274,225.92850000
-18.32241274,225.92850000
-18.28241274,225.92850000
-18.24241274,225.92850000
-18.20241274,225.92850000
-18.16241274,225.92850000
-18.12241274,225.92850000
-18.08241274,225.92850000
-18.04241274,221.51860000
-18.00241274,221.51860000
-17.96241274,221.51860000
-17.92241275,221.51860000
-17.88241275,221.51860000
-17.84241275,221.51860000
-17.80241275,221.51860000
-17.76241275,221.51860000
-17.72241275,217.10870000
-17.68241275,217.10870000
-17.64241275,217.10870000
-17.60241275,217.10870000
-17.56241275,217.10870000
-17.52241275,217.10870000
-17.48241275,217.10870000
-17.44241275,217.10870000
-17.40241275,217.10870000
-17.36241275,217.10870000
-17.32241275,212.69870000
-17.28241275,212.69870000
-17.24241275,212.69870000
-17.20241275,212.69870000
-17.16241275,212.69870000
-17.12241275,212.69870000
-17.08241275,208.28880000
-17.04241275,208.28880000
-17.00241275,203.87890000
-16.96241275,208.28880000
-16.92241275,203.87890000
-16.88241275,203.87890000
-16.84241275,199.46900000
-16.80241275,199.46900000
-16.76241275,199.46900000
-16.72241275,199.46900000
-16.68241275,199.46900000
-16.64241275,199.46900000
-16.60241275,199.46900000
-16.56241275,195.05900000
-16.52241275,195.05900000
-16.48241275,195.05900000
-16.44241275,195.05900000
-16.40241275,195.05900000
-16.36241275,186.22390000
-16.32241275,186.22390000
-16.28241275,186.22390000
-16.24241276,186.22390000
-16.20241276,186.22390000
-16.16241276,181.81400000
-16.12241276,181.81400000
-16.08241276,181.81400000
-16.04241276,181.81400000
-16.00241276,177.40410000
-15.96241276,177.40410000
-15.92241276,177.40410000
-15.88241276,172.99420000
-15.84241276,168.58420000
-15.80241276,168.58420000
-15.76241276,172.99420000
-15.72241276,164.17430000
-15.68241276,164.17430000
-15.64241276,164.17430000
-15.60241276,164.17430000
-15.56241276,164.17430000
-15.52241276,159.76440000
-15.48241276,159.76440000
-15.44241276,155.35450000
-15.40241276,150.94450000
-15.36241276,150.94450000
-15.32241276,150.94450000
-15.28241276,146.53460000
-15.24241276,146.53460000
-15.20241276,146.53460000
-15.16241276,146.53460000
-15.12241276,142.10940000
-15.08241276,142.10940000
-15.04241276,142.10940000
-15.00241276,133.28960000
-14.96241276,133.28960000
-14.92241276,133.28960000
-14.88241276,128.87970000
-14.84241276,128.87970000
-14.80241276,128.87970000
-14.76241276,124.46970000
-14.72241276,124.46970000
-14.68241276,124.46970000
-14.64241276,120.05980000
-14.60241277,120.05980000
-14.56241277,111.24000000
-14.52241277,111.24000000
-14.48241277,111.24000000
-14.44241277,111.24000000
-14.40241277,106.83000000
-14.36241277,106.83000000
-14.32241277,102.42010000
-14.28241277,97.99493000
-14.24241277,97.99493000
-14.20241277,93.58500000
-14.16241277,93.58500000
-14.12241277,93.58500000
-14.08241277,93.58500000
-14.04241277,89.17508000
-14.00241277,89.17508000
-13.96241277,84.76515000
-13.92241277,84.76515000
-13.88241277,80.35523000
-13.84241277,75.94530000
-13.80241277,75.94530000
-13.76241277,75.94530000
-13.72241277,75.94530000
-13.68241277,71.53539000
-13.64241277,71.53539000
-13.60241277,62.71553000
-13.56241277,62.71553000
-13.52241277,58.30561000
-13.48241277,58.30561000
-13.44241277,58.30561000
-13.40241277,53.89569000
-13.36241277,49.47050000
-13.32241277,49.47050000
-13.28241277,45.06058000
-13.24241277,45.06058000
-13.20241277,40.65065000
-13.16241277,40.65065000
-13.12241277,40.65065000
-13.08241277,40.65065000
-13.04241277,36.24073000
-13.00241277,27.42088000
-12.96241278,27.42088000
-12.92241278,27.42088000
-12.88241278,23.01095000
-12.84241278,23.01095000
-12.80241278,18.60103000
-12.76241278,18.60103000
-12.72241278,14.19111000
-12.68241278,14.19111000
-12.64241278,9.78118100
-12.60241278,5.37125700
-12.56241278,5.37125700
-12.52241278,5.37125700
-12.48241278,5.37125700
-12.44241278,0.96133300
-12.40241278,0.96133300
-12.36241278,-7.85851600
-12.32241278,-7.85851600
-12.28241278,-12.26844000
-12.24241278,-12.26844000
-12.20241278,-12.26844000
-12.16241278,-16.67836000
-12.12241278,-16.67836000
-12.08241278,-21.08829000
-12.04241278,-25.49821000
-12.00241278,-29.90814000
-11.96241278,-29.90814000
-11.92241278,-29.90814000
-11.88241278,-34.31806000
-11.84241278,-34.31806000
-11.80241278,-38.72799000
-11.76241278,-43.15317000
-11.72241278,-43.15317000
-11.68241278,-47.56310000
-11.64241278,-47.56310000
-11.60241278,-47.56310000
-11.56241278,-47.56310000
-11.52241278,-51.97302000
-11.48241278,-56.38294000
-11.44241278,-60.79287000
-11.40241278,-60.79287000
-11.36241278,-65.20279000
-11.32241279,-65.20279000
-11.28241279,-65.20279000
-11.24241279,-65.20279000
-11.20241279,-69.61272000
-11.16241279,-74.02264000
-11.12241279,-74.02264000
-11.08241279,-78.43256000
-11.04241279,-82.84248000
-11.00241279,-82.84248000
-10.96241279,-82.84248000
-10.92241279,-87.25241000
-10.88241279,-87.25241000
-10.84241279,-91.67760000
-10.80241279,-96.08752000
-10.76241279,-96.08752000
-10.72241279,-96.08752000
-10.68241279,-100.49750000
-10.64241279,-100.49750000
-10.60241279,-100.49750000
-10.56241279,-104.90740000
-10.52241279,-104.90740000
-10.48241279,-109.31730000
-10.44241279,-113.72720000
-10.40241279,-118.13710000
-10.36241279,-118.13710000
-10.32241279,-118.13710000
-10.28241279,-118.13710000
-10.24241279,-122.54710000
-10.20241279,-122.54710000
-10.16241279,-126.95700000
-10.12241279,-126.95700000
-10.08241279,-131.36690000
-10.04241279,-135.79210000
-10.00241279,-135.79210000
-9.96241279,-135.79210000
-9.92241279,-135.79210000
-9.88241279,-135.79210000
-9.84241279,-140.20200000
-9.80241279,-144.61190000
-9.76241279,-144.61190000
-9.72241279,-144.61190000
-9.68241280,-149.02190000
-9.64241280,-149.02190000
-9.60241280,-153.43180000
-9.56241280,-153.43180000
-9.52241280,-153.43180000
-9.48241280,-153.43180000
-9.44241280,-157.84170000
-9.40241280,-157.84170000
-9.36241280,-157.84170000
-9.32241280,-162.25160000
-9.28241280,-166.66160000
-9.24241280,-171.07150000
-9.20241280,-171.07150000
-9.16241280,-171.07150000
-9.12241280,-171.07150000
-9.08241280,-171.07150000
-9.04241280,-175.48140000
-9.00241280,-175.48140000
-8.96241280,-175.48140000
-8.92241280,-179.89130000
-8.88241280,-184.31650000
-8.84241280,-184.31650000
-8.80241280,-184.31650000
-8.76241280,-184.31650000
-8.72241280,-188.72640000
-8.68241280,-188.72640000
-8.64241280,-188.72640000
-8.60241280,-188.72640000
-8.56241280,-193.13640000
-8.52241280,-193.13640000
-8.48241280,-193.13640000
-8.44241280,-193.13640000
-8.40241280,-193.13640000
-8.36241280,-201.95620000
-8.32241280,-201.95620000
-8.28241280,-201.95620000
-8.24241280,-201.95620000
-8.20241280,-201.95620000
-8.16241280,-206.36610000
-8.12241280,-206.36610000
-8.08241280,-206.36610000
-8.04241281,-206.36610000
-8.00241281,-206.36610000
-7.96241281,-206.36610000
-7.92241281,-210.77610000
-7.88241281,-210.77610000
-7.84241281,-210.77610000
-7.80241281,-210.77610000
-7.76241281,-210.77610000
-7.72241281,-215.18600000
-7.68241281,-215.18600000
-7.64241281,-215.18600000
-7.60241281,-219.59590000
-7.56241281,-219.59590000
-7.52241281,-219.59590000
-7.48241281,-219.59590000
-7.44241281,-219.59590000
-7.40241281,-224.00580000
-7.36241281,-224.00580000
-7.32241281,-224.00580000
-7.28241281,-224.00580000
-7.24241281,-224.00580000
-7.20241281,-224.00580000
-7.16241281,-224.00580000
-7.12241281,-228.41580000
-7.08241281,-224.00580000
-7.04241281,-228.41580000
-7.00241281,-224.00580000
-6.96241281,-228.41580000
-6.92241281,-228.41580000
-6.88241281,-224.00580000
-6.84241281,-228.41580000
-6.80241281,-228.41580000
-6.76241281,-228.41580000
-6.72241281,-228.41580000
-6.68241281,-228.41580000
-6.64241281,-228.41580000
-6.60241281,-228.41580000
-6.56241281,-228.41580000
-6.52241281,-228.41580000
-6.48241281,-228.41580000
-6.44241281,-232.84100000
-6.40241282,-228.41580000
-6.36241282,-232.84100000
-6.32241282,-232.84100000
-6.28241282,-232.84100000
-6.24241282,-228.41580000
-6.20241282,-228.41580000
-6.16241282,-232.84100000
-6.12241282,-228.41580000
-6.08241282,-228.41580000
-6.04241282,-228.41580000
-6.00241282,-228.41580000
-5.96241282,-232.84100000
-5.92241282,-232.84100000
-5.88241282,-228.41580000
-5.84241282,-228.41580000
-5.80241282,-228.41580000
-5.76241282,-228.41580000
-5.72241282,-228.41580000
-5.68241282,-228.41580000
-5.64241282,-228.41580000
-5.60241282,-228.41580000
-5.56241282,-224.00580000
-5.52241282,-228.41580000
-5.48241282,-228.41580000
-5.44241282,-228.41580000
-5.40241282,-228.41580000
-5.36241282,-228.41580000
-5.32241282,-224.00580000
-5.28241282,-224.00580000
-5.24241282,-224.00580000
-5.20241282,-224.00580000
-5.16241282,-224.00580000
-5.12241282,-224.00580000
-5.08241282,-224.00580000
-5.04241282,-224.00580000
-5.00241282,-224.00580000
-4.96241282,-219.59590000
-4.92241282,-224.00580000
-4.88241282,-219.59590000
-4.84241282,-219.59590000
-4.80241282,-219.59590000
-4.76241282,-219.59590000
-4.72241283,-215.18600000
-4.68241283,-215.18600000
-4.64241283,-215.18600000
-4.60241283,-210.77610000
-4.56241283,-210.77610000
-4.52241283,-210.77610000
-4.48241283,-210.77610000
-4.44241283,-210.77610000
-4.40241283,-210.77610000
-4.36241283,-206.36610000
-4.32241283,-206.36610000
-4.28241283,-206.36610000
-4.24241283,-206.36610000
-4.20241283,-206.36610000
-4.16241283,-201.95620000
-4.12241283,-201.95620000
-4.08241283,-201.95620000
-4.04241283,-197.54630000
-4.00241283,-197.54630000
-3.96241283,-193.13640000
-3.92241283,-193.13640000
-3.88241283,-193.13640000
-3.84241283,-193.13640000
-3.80241283,-193.13640000
-3.76241283,-193.13640000
-3.72241283,-188.72640000
-3.68241283,-188.72640000
-3.64241283,-188.72640000
-3.60241283,-184.31650000
-3.56241283,-188.72640000
-3.52241283,-184.31650000
-3.48241283,-184.31650000
-3.44241283,-179.89130000
-3.40241283,-175.48140000
-3.36241283,-175.48140000
-3.32241283,-175.48140000
-3.28241283,-175.48140000
-3.24241283,-171.07150000
-3.20241283,-171.07150000
-3.16241283,-171.07150000
-3.12241283,-171.07150000
-3.08241284,-166.66160000
-3.04241284,-166.66160000
-3.00241284,-162.25160000
-2.96241284,-157.84170000
-2.92241284,-157.84170000
-2.88241284,-157.84170000
-2.84241284,-157.84170000
-2.80241284,-153.43180000
-2.76241284,-153.43180000
-2.72241284,-153.43180000
-2.68241284,-153.43180000
-2.64241284,-149.02190000
-2.60241284,-149.02190000
-2.56241284,-140.20200000
-2.52241284,-140.20200000
-2.48241284,-140.20200000
-2.44241284,-135.79210000
-2.40241284,-135.79210000
-2.36241284,-135.79210000
-2.32241284,-131.36690000
-2.28241284,-131.36690000
-2.24241284,-131.36690000
-2.20241284,-126.95700000
-2.16241284,-126.95700000
-2.12241284,-122.54710000
-2.08241284,-122.54710000
-2.04241284,-118.13710000
-2.00241284,-118.13710000
-1.96241284,-118.13710000
-1.92241284,-113.72720000
-1.88241284,-113.72720000
-1.84241284,-109.31730000
-1.80241284,-104.90740000
-1.76241284,-104.90740000
-1.72241284,-100.49750000
-1.68241284,-100.49750000
-1.64241284,-100.49750000
-1.60241284,-96.08752000
-1.56241284,-96.08752000
-1.52241284,-91.67760000
-1.48241284,-87.25241000
-1.44241285,-87.25241000
-1.40241285,-82.84248000
-1.36241285,-82.84248000
-1.32241285,-82.84248000
-1.28241285,-78.43256000
-1.24241285,-78.43256000
-1.20241285,-74.02264000
-1.16241285,-69.61272000
-1.12241285,-69.61272000
-1.08241285,-65.20279000
-1.04241285,-65.20279000
-1.00241285,-65.20279000
-0.96241285,-65.20279000
-0.92241285,-65.20279000
-0.88241285,-56.38294000
-0.84241285,-56.38294000
-0.80241285,-51.97302000
-0.76241285,-51.97302000
-0.72241285,-47.56310000
-0.68241285,-47.56310000
-0.64241285,-47.56310000
-0.60241285,-43.15317000
-0.56241285,-43.15317000
-0.52241285,-38.72799000
-0.48241285,-34.31806000
-0.44241285,-34.31806000
-0.40241285,-29.90814000
-0.36241285,-29.90814000
-0.32241285,-29.90814000
-0.28241285,-25.49821000
-0.24241285,-16.67836000
-0.20241285,-16.67836000
-0.16241285,-16.67836000
-0.12241285,-12.26844000
-0.08241285,-12.26844000
-0.04241285,-12.26844000
-0.00241285,-7.85851600
0.03758715,-3.44859100
0.07758715,-3.44859100
0.11758715,0.96133300
0.15758715,0.96133300
0.19758714,5.37125700
0.23758714,5.37125700
0.27758714,9.78118100
0.31758714,9.78118100
0.35758714,9.78118100
0.39758714,14.19111000
0.43758714,18.60103000
0.47758714,18.60103000
0.51758714,23.01095000
0.55758714,23.01095000
0.59758714,27.42088000
0.63758714,31.83080000
0.67758714,27.42088000
0.71758714,36.24073000
0.75758714,40.65065000
0.79758714,40.65065000
0.83758714,40.65065000
0.87758714,45.06058000
0.91758714,45.06058000
0.95758714,45.06058000
0.99758714,53.89569000
1.03758714,53.89569000
1.07758714,53.89569000
1.11758714,58.30561000
1.15758714,58.30561000
1.19758714,62.71553000
1.23758714,62.71553000
1.27758714,62.71553000
1.31758714,67.12546000
1.35758714,71.53539000
1.39758714,75.94530000
1.43758714,75.94530000
1.47758714,75.94530000
1.51758714,80.35523000
1.55758714,80.35523000
1.59758714,80.35523000
1.63758714,84.76515000
1.67758714,89.17508000
1.71758714,89.17508000
1.75758714,89.17508000
1.79758714,93.58500000
1.83758713,93.58500000
1.87758713,97.99493000
1.91758713,97.99493000
1.95758713,102.42010000
1.99758713,106.83000000
2.03758713,106.83000000
2.07758713,111.24000000
2.11758713,111.24000000
2.15758713,111.24000000
2.19758713,111.24000000
2.23758713,115.64990000
2.27758713,120.05980000
2.31758713,124.46970000
2.35758713,124.46970000
2.39758713,124.46970000
2.43758713,124.46970000
2.47758713,128.87970000
2.51758713,128.87970000
2.55758713,128.87970000
2.59758713,133.28960000
2.63758713,133.28960000
2.67758713,137.69950000
2.71758713,142.10940000
2.75758713,142.10940000
2.79758713,146.53460000
2.83758713,146.53460000
2.87758713,146.53460000
2.91758713,146.53460000
2.95758713,146.53460000
2.99758713,150.94450000
3.03758713,150.94450000
3.07758713,155.35450000
3.11758713,155.35450000
3.15758713,159.76440000
3.19758713,159.76440000
3.23758713,159.76440000
3.27758713,164.17430000
3.31758713,164.17430000
3.35758713,164.17430000
3.39758713,164.17430000
3.43758713,168.58420000
3.47758712,168.58420000
3.51758712,177.40410000
3.55758712,177.40410000
3.59758712,177.40410000
3.63758712,177.40410000
3.67758712,181.81400000
3.71758712,181.81400000
3.75758712,181.81400000
3.79758712,181.81400000
3.83758712,181.81400000
3.87758712,186.22390000
3.91758712,186.22390000
3.95758712,186.22390000
3.99758712,190.63390000
4.03758712,190.63390000
4.07758712,190.63390000
4.11758712,195.05900000
4.15758712,195.05900000
4.19758712,195.05900000
4.23758712,199.46900000
4.27758712,199.46900000
4.31758712,199.46900000
4.35758712,199.46900000
4.39758712,199.46900000
4.43758712,199.46900000
4.47758712,199.46900000
4.51758712,203.87890000
4.55758712,203.87890000
4.59758712,203.87890000
4.63758712,208.28880000
4.67758712,203.87890000
4.71758712,212.69870000
4.75758712,208.28880000
4.79758712,212.69870000
4.83758712,212.69870000
4.87758712,212.69870000
4.91758712,212.69870000
4.95758712,217.10870000
4.99758712,217.10870000
5.03758712,217.10870000
5.07758712,217.10870000
5.11758711,217.10870000
5.15758711,217.10870000
5.19758711,217.10870000
5.23758711,217.10870000
5.27758711,217.10870000
5.31758711,217.10870000
5.35758711,221.51860000
5.39758711,217.10870000
5.43758711,217.10870000
5.47758711,221.51860000
5.51758711,221.51860000
5.55758711,221.51860000
5.59758711,221.51860000
5.63758711,221.51860000
5.67758711,221.51860000
5.71758711,221.51860000
5.75758711,221.51860000
5.79758711,221.51860000
5.83758711,221.51860000
5.87758711,225.92850000
5.91758711,221.51860000
5.95758711,225.92850000
5.99758711,225.92850000
6.03758711,225.92850000
6.07758711,225.92850000
6.11758711,225.92850000
6.15758711,225.92850000
6.19758711,225.92850000
6.23758711,225.92850000
6.27758711,230.33840000
6.31758711,225.92850000
6.35758711,230.33840000
6.39758711,225.92850000
6.43758711,230.33840000
6.47758711,225.92850000
6.51758711,225.92850000
6.55758711,225.92850000
6.59758711,225.92850000
6.63758711,225.92850000
6.67758711,225.92850000
6.71758711,225.92850000
6.75758710,225.92850000
6.79758710,225.92850000
6.83758710,225.92850000
6.87758710,225.92850000
6.91758710,225.92850000
6.95758710,221.51860000
6.99758710,221.51860000
7.03758710,221.51860000
7.07758710,221.51860000
7.11758710,221.51860000
7.15758710,221.51860000
7.19758710,221.51860000
7.23758710,221.51860000
7.27758710,217.10870000
7.31758710,221.51860000
7.35758710,217.10870000
7.39758710,217.10870000
7.43758710,217.10870000
7.47758710,217.10870000
7.51758710,217.10870000
7.55758710,217.10870000
7.59758710,217.10870000
7.63758710,217.10870000
7.67758710,212.69870000
7.71758710,217.10870000
7.75758710,212.69870000
7.79758710,212.69870000
7.83758710,208.28880000
7.87758710,212.69870000
7.91758710,208.28880000
7.95758710,208.28880000
7.99758710,208.28880000
8.03758710,203.87890000
8.07758710,203.87890000
8.11758710,203.87890000
8.15758710,203.87890000
8.19758710,199.46900000
8.23758710,203.87890000
8.27758710,199.46900000
8.31758710,199.46900000
8.35758710,199.46900000
8.39758710,199.46900000
8.43758709,195.05900000
8.47758709,195.05900000
8.51758709,195.05900000
8.55758709,195.05900000
8.59758709,190.63390000
8.63758709,190.63390000
8.67758709,186.22390000
8.71758709,186.22390000
8.75758709,186.22390000
8.79758709,181.81400000
8.83758709,181.81400000
8.87758709,181.81400000
8.91758709,181.81400000
8.95758709,181.81400000
8.99758709,177.40410000
9.03758709,177.40410000
9.07758709,177.40410000
9.11758709,177.40410000
9.15758709,168.58420000
9.19758709,168.58420000
9.23758709,168.58420000
9.27758709,164.17430000
9.31758709,164.17430000
9.35758709,164.17430000
9.39758709,164.17430000
9.43758709,159.76440000
9.47758709,159.76440000
9.51758709,159.76440000
9.55758709,159.76440000
9.59758709,155.35450000
9.63758709,150.94450000
9.67758709,146.53460000
9.71758709,146.53460000
9.75758709,146.53460000
9.79758709,146.53460000
9.83758709,146.53460000
9.87758709,142.10940000
9.91758709,142.10940000
9.95758709,137.69950000
9.99758709,133.28960000
10.03758709,133.28960000
10.07758708,128.87970000
10.11758708,128.87970000
10.15758708,128.87970000
10.19758708,128.87970000
10.23758708,124.46970000
10.27758708,124.46970000
10.31758708,124.46970000
10.35758708,120.05980000
10.39758708,115.64990000
10.43758708,111.24000000
10.47758708,111.24000000
10.51758708,111.24000000
10.55758708,111.24000000
10.59758708,106.83000000
10.63758708,106.83000000
10.67758708,102.42010000
10.71758708,102.42010000
10.75758708,97.99493000
10.79758708,97.99493000
10.83758708,93.58500000
10.87758708,93.58500000
10.91758708,89.17508000
10.95758708,89.17508000
10.99758708,89.17508000
11.03758708,84.76515000
11.07758708,84.76515000
11.11758708,80.35523000
11.15758708,75.94530000
11.19758708,75.94530000
11.23758708,75.94530000
11.27758708,71.53539000
11.31758708,71.53539000
11.35758708,67.12546000
11.39758708,67.12546000
11.43758708,62.71553000
11.47758708,58.30561000
11.51758708,58.30561000
11.55758708,58.30561000
11.59758708,53.89569000
11.63758708,49.47050000
11.67758708,53.89569000
11.71758707,45.06058000
11.75758707,45.06058000
11.79758707,40.65065000
11.83758707,40.65065000
11.87758707,40.65065000
11.91758707,36.24073000
11.95758707,36.24073000
11.99758707,27.42088000
12.03758707,27.42088000
12.07758707,23.01095000
12.11758707,23.01095000
12.15758707,23.01095000
12.19758707,18.60103000
12.23758707,18.60103000
12.27758707,18.60103000
12.31758707,9.78118100
12.35758707,9.78118100
12.39758707,5.37125700
12.43758707,5.37125700
12.47758707,5.37125700
12.51758707,0.96133300
12.55758707,0.96133300
12.59758707,-3.44859100
12.63758707,-7.85851600
12.67758707,-7.85851600
12.71758707,-12.26844000
12.75758707,-12.26844000
12.79758707,-16.67836000
12.83758707,-16.67836000
12.87758707,-16.67836000
12.91758707,-21.08829000
12.95758707,-25.49821000
12.99758707,-29.90814000
13.03758707,-29.90814000
13.07758707,-29.90814000
13.11758707,-34.31806000
13.15758707,-34.31806000
13.19758707,-38.72799000
13.23758707,-38.72799000
13.27758707,-43.15317000
13.31758707,-47.56310000
13.35758706,-47.56310000
13.39758706,-47.56310000
13.43758706,-51.97302000
13.47758706,-51.97302000
13.51758706,-60.79287000
13.55758706,-60.79287000
13.59758706,-60.79287000
13.63758706,-65.20279000
13.67758706,-65.20279000
13.71758706,-65.20279000
13.75758706,-69.61272000
13.79758706,-69.61272000
13.83758706,-74.02264000
13.87758706,-78.43256000
13.91758706,-78.43256000
13.95758706,-78.43256000
13.99758706,-82.84248000
14.03758706,-87.25241000
14.07758706,-87.25241000
14.11758706,-87.25241000
14.15758706,-91.67760000
14.19758706,-96.08752000
14.23758706,-96.08752000
14.27758706,-100.49750000
14.31758706,-100.49750000
14.35758706,-100.49750000
14.39758706,-104.90740000
14.43758706,-104.90740000
14.47758706,-113.72720000
14.51758706,-109.31730000
14.55758706,-113.72720000
14.59758706,-118.13710000
14.63758706,-118.13710000
14.67758706,-118.13710000
14.71758706,-118.13710000
14.75758706,-122.54710000
14.79758706,-122.54710000
14.83758706,-122.54710000
14.87758706,-126.95700000
14.91758706,-131.36690000
14.95758706,-135.79210000
14.99758705,-135.79210000
15.03758705,-135.79210000
15.07758705,-135.79210000
15.11758705,-140.20200000
15.15758705,-140.20200000
15.19758705,-140.20200000
15.23758705,-144.61190000
15.27758705,-149.02190000
15.31758705,-149.02190000
15.35758705,-153.43180000
15.39758705,-153.43180000
15.43758705,-153.43180000
15.47758705,-153.43180000
15.51758705,-157.84170000
15.55758705,-157.84170000
15.59758705,-157.84170000
15.63758705,-157.84170000
15.67758705,-166.66160000
15.71758705,-166.66160000
15.75758705,-171.07150000
15.79758705,-171.07150000
15.83758705,-171.07150000
15.87758705,-171.07150000
15.91758705,-175.48140000
15.95758705,-175.48140000
15.99758705,-175.48140000
16.03758705,-175.48140000
16.07758705,-175.48140000
16.11758705,-179.89130000
16.15758705,-184.31650000
16.19758705,-184.31650000
16.23758705,-184.31650000
16.27758705,-188.72640000
16.31758705,-188.72640000
16.35758705,-188.72640000
16.39758705,-188.72640000
16.43758705,-188.72640000
16.47758705,-193.13640000
16.51758705,-193.13640000
16.55758705,-193.13640000
16.59758705,-197.54630000
16.63758704,-197.54630000
16.67758704,-201.95620000
16.71758704,-201.95620000
16.75758704,-201.95620000
16.79758704,-201.95620000
16.83758704,-206.36610000
16.87758704,-206.36610000
16.91758704,-206.36610000
16.95758704,-206.36610000
16.99758704,-206.36610000
17.03758704,-206.36610000
17.07758704,-210.77610000
17.11758704,-210.77610000
17.15758704,-210.77610000
17.19758704,-210.77610000
17.23758704,-210.77610000
17.27758704,-215.18600000
17.31758704,-219.59590000
17.35758704,-219.59590000
17.39758704,-219.59590000
17.43758704,-219.59590000
17.47758704,-219.59590000
17.51758704,-219.59590000
17.55758704,-224.00580000
17.59758704,-224.00580000
17.63758704,-224.00580000
17.67758704,-224.00580000
17.71758704,-224.00580000
17.75758704,-224.00580000
17.79758704,-224.00580000
17.83758704,-224.00580000
17.87758704,-224.00580000
17.91758704,-224.00580000
17.95758704,-224.00580000
17.99758704,-224.00580000
18.03758704,-228.41580000
18.07758704,-228.41580000
18.11758704,-228.41580000
18.15758704,-228.41580000
18.19758704,-228.41580000
18.23758704,-228.41580000
18.27758703,-228.41580000
18.31758703,-228.41580000
18.35758703,-228.41580000
18.39758703,-228.41580000
18.43758703,-228.41580000
18.47758703,-228.41580000
18.51758703,-232.84100000
18.55758703,-228.41580000
18.59758703,-232.84100000
18.63758703,-232.84100000
18.67758703,-228.41580000
18.71758703,-228.41580000
18.75758703,-232.84100000
18.79758703,-228.41580000
18.83758703,-232.84100000
18.87758703,-232.84100000
18.91758703,-232.84100000
18.95758703,-232.84100000
18.99758703,-228.41580000
19.03758703,-228.41580000
19.07758703,-228.41580000
19.11758703,-232.84100000
19.15758703,-228.41580000
19.19758703,-228.41580000
19.23758703,-228.41580000
19.27758703,-228.41580000
19.31758703,-228.41580000
19.35758703,-228.41580000
19.39758703,-228.41580000
19.43758703,-228.41580000
19.47758703,-228.41580000
19.51758703,-228.41580000
19.55758703,-228.41580000
19.59758703,-224.00580000
19.63758703,-224.00580000
19.67758703,-224.00580000
19.71758703,-224.00580000
19.75758703,-224.00580000
19.79758703,-224.00580000
19.83758703,-224.00580000
19.87758703,-224.00580000
19.91758703,-224.00580000
19.95758702,-224.00580000
19.99758702,-224.00580000
20.03758702,-224.00580000
20.07758702,-219.59590000
20.11758702,-219.59590000
20.15758702,-219.59590000
20.19758702,-219.59590000
20.23758702,-219.59590000
20.27758702,-215.18600000
20.31758702,-219.59590000
20.35758702,-215.18600000
20.39758702,-215.18600000
20.43758702,-210.77610000
20.47758702,-210.77610000
20.51758702,-210.77610000
20.55758702,-210.77610000
20.59758702,-210.77610000
20.63758702,-206.36610000
20.67758702,-206.36610000
20.71758702,-206.36610000
20.75758702,-206.36610000
20.79758702,-206.36610000
20.83758702,-206.36610000
20.87758702,-201.95620000
20.91758702,-201.95620000
20.95758702,-201.95620000
20.99758702,-201.95620000
21.03758702,-201.95620000
21.07758702,-193.13640000
21.11758702,-193.13640000
21.15758702,-193.13640000
21.19758702,-193.13640000
21.23758702,-188.72640000
21.27758702,-188.72640000
21.31758702,-188.72640000
21.35758702,-188.72640000
21.39758702,-188.72640000
21.43758702,-184.31650000
21.47758702,-184.31650000
21.51758702,-184.31650000
21.55758702,-184.31650000
21.59758701,-179.89130000
21.63758701,-175.48140000
21.67758701,-175.48140000
21.71758701,-175.48140000
21.75758701,-175.48140000
21.79758701,-171.07150000
21.83758701,-171.07150000
21.87758701,-171.07150000
21.91758701,-166.66160000
21.95758701,-166.66160000
21.99758701,-166.66160000
22.03758701,-157.84170000
22.07758701,-157.84170000
22.11758701,-157.84170000
22.15758701,-157.84170000
22.19758701,-153.43180000
22.23758701,-153.43180000
22.27758701,-153.43180000
22.31758701,-149.02190000
22.35758701,-149.02190000
22.39758701,-144.61190000
22.43758701,-144.61190000
22.47758701,-140.20200000
22.51758701,-140.20200000
22.55758701,-140.20200000
22.59758701,-135.79210000
22.63758701,-135.79210000
22.67758701,-135.79210000
22.71758701,-131.36690000
22.75758701,-131.36690000
22.79758701,-131.36690000
22.83758701,-122.54710000
22.87758701,-122.54710000
22.91758701,-122.54710000
22.95758701,-118.13710000
22.99758701,-118.13710000
23.03758701,-118.13710000
23.07758701,-113.72720000
23.11758701,-113.72720000
23.15758701,-109.31730000
23.19758701,-104.90740000
23.23758700,-104.90740000
23.27758700,-100.49750000
23.31758700,-100.49750000
23.35758700,-100.49750000
23.39758700,-96.08752000
23.43758700,-96.08752000
23.47758700,-91.67760000
23.51758700,-91.67760000
23.55758700,-87.25241000
23.59758700,-87.25241000
23.63758700,-82.84248000
23.67758700,-82.84248000
23.71758700,-82.84248000
23.75758700,-78.43256000
23.79758700,-78.43256000
23.83758700,-74.02264000
23.87758700,-69.61272000
23.91758700,-69.61272000
23.95758700,-65.20279000
23.99758700,-65.20279000
24.03758700,-65.20279000
24.07758700,-60.79287000
24.11758700,-60.79287000
24.15758700,-56.38294000
24.19758700,-51.97302000
24.23758700,-51.97302000
24.27758700,-47.56310000
24.31758700,-47.56310000
24.35758700,-47.56310000
24.39758700,-43.15317000
24.43758700,-43.15317000
24.47758700,-34.31806000
24.51758700,-34.31806000
24.55758700,-34.31806000
24.59758700,-29.90814000
24.63758700,-29.90814000
24.67758700,-29.90814000
24.71758700,-25.49821000
24.75758700,-21.08829000
24.79758700,-16.67836000
24.83758700,-16.67836000
24.87758699,-12.26844000
24.91758699,-12.26844000
24.95758699,-12.26844000
24.99758699,-7.85851600
25.03758699,-7.85851600
25.07758699,0.96133300
25.11758699,0.96133300
25.15758699,0.96133300
25.19758699,5.37125700
25.23758699,5.37125700
25.27758699,5.37125700
25.31758699,9.78118100
25.35758699,14.19111000
25.39758699,14.19111000
25.43758699,18.60103000
25.47758699,18.60103000
25.51758699,23.01095000
25.55758699,23.01095000
25.59758699,27.42088000
25.63758699,27.42088000
25.67758699,31.83080000
25.71758699,36.24073000
25.75758699,36.24073000
25.79758699,40.65065000
25.83758699,40.65065000
25.87758699,40.65065000
25.91758699,45.06058000
25.95758699,45.06058000
25.99758699,53.89569000
26.03758699,53.89569000
26.07758699,53.89569000
26.11758699,58.30561000
26.15758699,58.30561000
26.19758699,62.71553000
26.23758699,62.71553000
26.27758699,62.71553000
26.31758699,67.12546000
26.35758699,71.53539000
26.39758699,71.53539000
26.43758699,75.94530000
26.47758699,75.94530000
26.51758698,80.35523000
26.55758698,80.35523000
26.59758698,80.35523000
26.63758698,84.76515000
26.67758698,89.17508000
26.71758698,89.17508000
26.75758698,93.58500000
26.79758698,93.58500000
26.83758698,93.58500000
26.87758698,97.99493000
26.91758698,97.99493000
26.95758698,102.42010000
26.99758698,106.83000000
27.03758698,106.83000000
27.07758698,111.24000000
27.11758698,111.24000000
27.15758698,111.24000000
27.19758698,111.24000000
27.23758698,115.64990000
27.27758698,115.64990000
27.31758698,120.05980000
27.35758698,120.05980000
27.39758698,124.46970000
27.43758698,128.87970000
27.47758698,128.87970000
27.51758698,128.87970000
27.55758698,133.28960000
27.59758698,133.28960000
27.63758698,133.28960000
27.67758698,137.69950000
27.71758698,142.10940000
27.75758698,142.10940000
27.79758698,142.10940000
27.83758698,146.53460000
27.87758698,146.53460000
27.91758698,146.53460000
27.95758698,146.53460000
27.99758698,150.94450000
28.03758698,150.94450000
28.07758698,155.35450000
28.11758698,155.35450000
28.15758697,159.76440000
28.19758697,159.76440000
28.23758697,159.76440000
28.27758697,164.17430000
28.31758697,164.17430000
28.35758697,164.17430000
28.39758697,168.58420000
28.43758697,168.58420000
28.47758697,168.58420000
28.51758697,168.58420000
28.55758697,177.40410000
28.59758697,177.40410000
28.63758697,177.40410000
28.67758697,181.81400000
28.71758697,177.40410000
28.75758697,181.81400000
28.79758697,181.81400000
28.83758697,181.81400000
28.87758697,181.81400000
28.91758697,186.22390000
28.95758697,190.63390000
28.99758697,190.63390000
29.03758697,195.05900000
29.07758697,190.63390000
29.11758697,195.05900000
29.15758697,195.05900000
29.19758697,195.05900000
29.23758697,195.05900000
29.27758697,199.46900000
29.31758697,199.46900000
29.35758697,199.46900000
29.39758697,199.46900000
29.43758697,199.46900000
29.47758697,199.46900000
29.51758697,203.87890000
29.55758697,203.87890000
29.59758697,203.87890000
29.63758697,208.28880000
29.67758697,208.28880000
29.71758697,212.69870000
29.75758697,212.69870000
29.79758696,212.69870000
29.83758696,212.69870000
29.87758696,212.69870000
29.91758696,212.69870000
29.95758696,212.69870000
29.99758696,217.10870000
30.03758696,217.10870000
30.07758696,217.10870000
30.11758696,217.10870000
30.15758696,217.10870000
30.19758696,217.10870000
30.23758696,217.10870000
30.27758696,217.10870000
30.31758696,217.10870000
30.35758696,217.10870000
30.39758696,217.10870000
30.43758696,221.51860000
30.47758696,221.51860000
30.51758696,221.51860000
30.55758696,221.51860000
30.59758696,225.92850000
30.63758696,221.51860000
30.67758696,221.51860000
30.71758696,225.92850000
30.75758696,225.92850000
30.79758696,221.51860000
30.83758696,225.92850000
30.87758696,225.92850000
30.91758696,221.51860000
30.95758696,221.51860000
30.99758696,225.92850000
31.03758696,225.92850000
31.07758696,225.92850000
31.11758696,225.92850000
31.15758696,225.92850000
31.19758696,225.92850000
31.23758696,225.92850000
31.27758696,225.92850000
31.31758696,230.33840000
31.35758696,230.33840000
31.39758696,230.33840000
31.43758696,230.33840000
31.47758695,225.92850000
31.51758695,225.92850000
31.55758695,225.92850000
31.59758695,225.92850000
31.63758695,225.92850000
31.67758695,225.92850000
31.71758695,225.92850000
31.75758695,225.92850000
31.79758695,225.92850000
31.83758695,225.92850000
31.87758695,225.92850000
31.91758695,221.51860000
31.95758695,225.92850000
31.99758695,221.51860000
32.03758695,221.51860000
32.07758695,221.51860000
32.11758695,221.51860000
32.15758695,221.51860000
32.19758695,221.51860000
32.23758695,221.51860000
32.27758695,217.10870000
32.31758695,217.10870000
32.35758695,217.10870000
32.39758695,221.51860000
32.43758695,217.10870000
32.47758695,217.10870000
32.51758695,217.10870000
32.55758695,217.10870000
32.59758695,217.10870000
32.63758695,217.10870000
32.67758695,217.10870000
32.71758695,212.69870000
32.75758695,212.69870000
32.79758695,212.69870000
32.83758695,212.69870000
32.87758695,208.28880000
32.91758695,212.69870000
32.95758695,208.28880000
32.99758695,203.87890000
33.03758695,203.87890000
33.07758695,203.87890000
33.11758694,203.87890000
33.15758694,203.87890000
33.19758694,199.46900000
33.23758694,199.46900000
33.27758694,199.46900000
33.31758694,199.46900000
33.35758694,199.46900000
33.39758694,199.46900000
33.43758694,195.05900000
33.47758694,195.05900000
33.51758694,195.05900000
33.55758694,195.05900000
33.59758694,190.63390000
33.63758694,186.22390000
33.67758694,186.22390000
33.71758694,186.22390000
33.75758694,186.22390000
33.79758694,181.81400000
33.83758694,181.81400000
33.87758694,181.81400000
33.91758694,181.81400000
33.95758694,181.81400000
33.99758694,181.81400000
34.03758694,177.40410000
34.07758694,177.40410000
34.11758694,177.40410000
34.15758694,168.58420000
34.19758694,168.58420000
34.23758694,168.58420000
34.27758694,164.17430000
34.31758694,164.17430000
34.35758694,164.17430000
34.39758694,164.17430000
34.43758694,159.76440000
34.47758694,159.76440000
34.51758694,159.76440000
34.55758694,155.35450000
34.59758694,155.35450000
34.63758694,150.94450000
34.67758694,150.94450000
34.71758694,146.53460000
34.75758693,146.53460000
34.79758693,146.53460000
34.83758693,146.53460000
34.87758693,142.10940000
34.91758693,142.10940000
34.95758693,137.69950000
34.99758693,137.69950000
35.03758693,133.28960000
35.07758693,128.87970000
35.11758693,128.87970000
35.15758693,128.87970000
35.19758693,128.87970000
35.23758693,124.46970000
35.27758693,124.46970000
35.31758693,124.46970000
35.35758693,120.05980000
35.39758693,115.64990000
35.43758693,115.64990000
35.47758693,111.24000000
35.51758693,111.24000000
35.55758693,106.83000000
35.59758693,106.83000000
35.63758693,106.83000000
35.67758693,97.99493000
35.71758693,97.99493000
35.75758693,97.99493000
35.79758693,97.99493000
35.83758693,93.58500000
35.87758693,93.58500000
35.91758693,93.58500000
35.95758693,89.17508000
35.99758693,89.17508000
36.03758693,84.76515000
36.07758693,80.35523000
36.11758693,80.35523000
36.15758693,75.94530000
36.19758693,75.94530000
36.23758693,75.94530000
36.27758693,71.53539000
36.31758693,71.53539000
36.35758693,67.12546000
36.39758692,62.71553000
36.43758692,62.71553000
36.47758692,62.71553000
36.51758692,58.30561000
36.55758692,53.89569000
36.59758692,53.89569000
36.63758692,53.89569000
36.67758692,49.47050000
36.71758692,45.06058000
36.75758692,45.06058000
36.79758692,40.65065000
36.83758692,40.65065000
36.87758692,40.65065000
36.91758692,36.24073000
36.95758692,36.24073000
36.99758692,31.83080000
37.03758692,27.42088000
37.07758692,23.01095000
37.11758692,23.01095000
37.15758692,23.01095000
37.19758692,18.60103000
37.23758692,18.60103000
37.27758692,18.60103000
37.31758692,9.78118100
37.35758692,9.78118100
37.39758692,5.37125700
37.43758692,5.37125700
37.47758692,5.37125700
37.51758692,0.96133300
37.55758692,0.96133300
37.59758692,-3.44859100
37.63758692,-7.85851600
37.67758692,-7.85851600
37.71758692,-12.26844000
37.75758692,-12.26844000
37.79758692,-12.26844000
37.83758692,-16.67836000
37.87758692,-16.67836000
37.91758692,-21.08829000
37.95758692,-25.49821000
37.99758692,-29.90814000
38.03758691,-29.90814000
38.07758691,-29.90814000
38.11758691,-34.31806000
38.15758691,-34.31806000
38.19758691,-43.15317000
38.23758691,-43.15317000
38.27758691,-43.15317000
38.31758691,-47.56310000
38.35758691,-47.56310000
38.39758691,-47.56310000
38.43758691,-51.97302000
38.47758691,-56.38294000
38.51758691,-51.97302000
38.55758691,-60.79287000
38.59758691,-60.79287000
38.63758691,-65.20279000
38.67758691,-65.20279000
38.71758691,-65.20279000
38.75758691,-69.61272000
38.79758691,-69.61272000
38.83758691,-74.02264000
38.87758691,-78.43256000
38.91758691,-78.43256000
38.95758691,-82.84248000
38.99758691,-82.84248000
39.03758691,-82.84248000
39.07758691,-82.84248000
39.11758691,-87.25241000
39.15758691,-91.67760000
39.19758691,-96.08752000
39.23758691,-96.08752000
39.27758691,-100.49750000
39.31758691,-100.49750000
39.35758691,-100.49750000
39.39758691,-100.49750000
39.43758691,-104.90740000
39.47758691,-104.90740000
39.51758691,-109.31730000
39.55758691,-113.72720000
39.59758691,-118.13710000
39.63758691,-118.13710000
39.67758690,-118.13710000
39.71758690,-118.13710000
39.75758690,-122.54710000
39.79758690,-122.54710000
39.83758690,-126.95700000
39.87758690,-126.95700000
39.91758690,-131.36690000
39.95758690,-135.79210000
39.99758690,-135.79210000
40.03758690,-135.79210000
40.07758690,-135.79210000
40.11758690,-140.20200000
40.15758690,-140.20200000
40.19758690,-140.20200000
40.23758690,-144.61190000
40.27758690,-149.02190000
40.31758690,-149.02190000
40.35758690,-149.02190000
40.39758690,-153.43180000
40.43758690,-153.43180000
40.47758690,-153.43180000
40.51758690,-153.43180000
40.55758690,-157.84170000
40.59758690,-157.84170000
40.63758690,-162.25160000
40.67758690,-162.25160000
40.71758690,-166.66160000
40.75758690,-166.66160000
40.79758690,-171.07150000
40.83758690,-171.07150000
40.87758690,-171.07150000
40.91758690,-171.07150000
40.95758690,-175.48140000
40.99758690,-175.48140000
41.03758690,-175.48140000
41.07758690,-179.89130000
41.11758690,-184.31650000
41.15758690,-184.31650000
41.19758690,-184.31650000
41.23758690,-184.31650000
41.27758690,-188.72640000
41.31758689,-188.72640000
41.35758689,-188.72640000
41.39758689,-188.72640000
41.43758689,-193.13640000
41.47758689,-193.13640000
41.51758689,-193.13640000
41.55758689,-197.54630000
41.59758689,-197.54630000
41.63758689,-197.54630000
41.67758689,-197.54630000
41.71758689,-201.95620000
41.75758689,-201.95620000
41.79758689,-201.95620000
41.83758689,-201.95620000
41.87758689,-206.36610000
41.91758689,-206.36610000
41.95758689,-206.36610000
41.99758689,-206.36610000
42.03758689,-210.77610000
42.07758689,-206.36610000
42.11758689,-210.77610000
42.15758689,-210.77610000
42.19758689,-210.77610000
42.23758689,-215.18600000
42.27758689,-215.18600000
42.31758689,-215.18600000
42.35758689,-215.18600000
42.39758689,-219.59590000
42.43758689,-219.59590000
42.47758689,-219.59590000
42.51758689,-219.59590000
42.55758689,-224.00580000
42.59758689,-224.00580000
42.63758689,-224.00580000
42.67758689,-224.00580000
42.71758689,-224.00580000
42.75758689,-224.00580000
42.79758689,-224.00580000
42.83758689,-224.00580000
42.87758689,-228.41580000
42.91758689,-224.00580000
42.95758688,-224.00580000
42.99758688,-224.00580000
43.03758688,-228.41580000
43.07758688,-224.00580000
43.11758688,-224.00580000
43.15758688,-228.41580000
43.19758688,-228.41580000
43.23758688,-228.41580000
43.27758688,-228.41580000
43.31758688,-228.41580000
43.35758688,-228.41580000
43.39758688,-228.41580000
43.43758688,-232.84100000
43.47758688,-228.41580000
43.51758688,-228.41580000
43.55758688,-232.84100000
43.59758688,-228.41580000
43.63758688,-232.84100000
43.67758688,-232.84100000
43.71758688,-232.84100000
43.75758688,-232.84100000
43.79758688,-228.41580000
43.83758688,-228.41580000
43.87758688,-232.84100000
43.91758688,-232.84100000
43.95758688,-228.41580000
43.99758688,-232.84100000
44.03758688,-232.84100000
44.07758688,-232.84100000
44.11758688,-228.41580000
44.15758688,-228.41580000
44.19758688,-228.41580000
44.23758688,-228.41580000
44.27758688,-228.41580000
44.31758688,-228.41580000
44.35758688,-228.41580000
44.39758688,-228.41580000
44.43758688,-228.41580000
44.47758688,-228.41580000
44.51758688,-228.41580000
44.55758688,-228.41580000
44.59758688,-224.00580000
44.63758687,-228.41580000
44.67758687,-228.41580000
44.71758687,-224.00580000
44.75758687,-224.00580000
44.79758687,-224.00580000
44.83758687,-224.00580000
44.87758687,-224.00580000
44.91758687,-224.00580000
44.95758687,-224.00580000
44.99758687,-224.00580000
45.03758687,-224.00580000
45.07758687,-224.00580000
45.11758687,-219.59590000
45.15758687,-219.59590000
45.19758687,-219.59590000
45.23758687,-219.59590000
45.27758687,-215.18600000
45.31758687,-215.18600000
45.35758687,-215.18600000
45.39758687,-210.77610000
45.43758687,-210.77610000
45.47758687,-210.77610000
45.51758687,-210.77610000
45.55758687,-210.77610000
45.59758687,-210.77610000
45.63758687,-206.36610000
45.67758687,-206.36610000
45.71758687,-206.36610000
45.75758687,-206.36610000
45.79758687,-206.36610000
45.83758687,-206.36610000
45.87758687,-201.95620000
45.91758687,-201.95620000
45.95758687,-201.95620000
45.99758687,-201.95620000
46.03758687,-197.54630000
46.07758687,-197.54630000
46.11758687,-193.13640000
46.15758687,-193.13640000
46.19758687,-193.13640000
46.23758687,-188.72640000
46.27758686,-188.72640000
46.31758686,-188.72640000
46.35758686,-188.72640000
46.39758686,-188.72640000
46.43758686,-184.31650000
46.47758686,-184.31650000
46.51758686,-184.31650000
46.55758686,-179.89130000
46.59758686,-175.48140000
46.63758686,-175.48140000
46.67758686,-175.48140000
46.71758686,-175.48140000
46.75758686,-171.07150000
46.79758686,-171.07150000
46.83758686,-171.07150000
46.87758686,-171.07150000
46.91758686,-166.66160000
46.95758686,-166.66160000
46.99758686,-162.25160000
47.03758686,-157.84170000
47.07758686,-157.84170000
47.11758686,-157.84170000
47.15758686,-153.43180000
47.19758686,-153.43180000
47.23758686,-153.43180000
47.27758686,-153.43180000
47.31758686,-149.02190000
47.35758686,-149.02190000
47.39758686,-149.02190000
47.43758686,-149.02190000
47.47758686,-140.20200000
47.51758686,-140.20200000
47.55758686,-135.79210000
47.59758686,-135.79210000
47.63758686,-135.79210000
47.67758686,-135.79210000
47.71758686,-131.36690000
47.75758686,-131.36690000
47.79758686,-126.95700000
47.83758686,-122.54710000
47.87758686,-122.54710000
47.91758685,-122.54710000
47.95758685,-118.13710000
47.99758685,-118.13710000
48.03758685,-113.72720000
48.07758685,-113.72720000
48.11758685,-113.72720000
48.15758685,-104.90740000
48.19758685,-104.90740000
48.23758685,-104.90740000
48.27758685,-100.49750000
48.31758685,-100.49750000
48.35758685,-100.49750000
48.39758685,-96.08752000
48.43758685,-96.08752000
48.47758685,-91.67760000
48.51758685,-87.25241000
48.55758685,-87.25241000
48.59758685,-87.25241000
48.63758685,-82.84248000
48.67758685,-82.84248000
48.71758685,-78.43256000
48.75758685,-78.43256000
48.79758685,-78.43256000
48.83758685,-69.61272000
48.87758685,-69.61272000
48.91758685,-69.61272000
48.95758685,-65.20279000
48.99758685,-65.20279000
49.03758685,-65.20279000
49.07758685,-60.79287000
49.11758685,-60.79287000
49.15758685,-56.38294000
49.19758685,-51.97302000
49.23758685,-51.97302000
49.27758685,-47.56310000
49.31758685,-47.56310000
49.35758685,-47.56310000
49.39758685,-43.15317000
49.43758685,-43.15317000
49.47758685,-34.31806000
49.51758685,-34.31806000
49.55758684,-29.90814000
49.59758684,-29.90814000
49.63758684,-29.90814000
49.67758684,-29.90814000
49.71758684,-25.49821000
49.75758684,-16.67836000
49.79758684,-16.67836000
49.83758684,-16.67836000
49.87758684,-12.26844000
49.91758684,-12.26844000
49.95758684,-12.26844000
49.99758684,-7.85851600
50.03758684,-7.85851600
50.07758684,-3.44859100
50.11758684,0.96133300
50.15758684,0.96133300
50.19758684,0.96133300
50.23758684,5.37125700
50.27758684,9.78118100
50.31758684,9.78118100
50.35758684,14.19111000
50.39758684,18.60103000
50.43758684,18.60103000
50.47758684,18.60103000
50.51758684,23.01095000
50.55758684,23.01095000
50.59758684,27.42088000
50.63758684,27.42088000
50.67758684,27.42088000
50.71758684,36.24073000
50.75758684,36.24073000
50.79758684,40.65065000
50.83758684,40.65065000
50.87758684,40.65065000
50.91758684,45.06058000
50.95758684,49.47050000
50.99758684,49.47050000
51.03758684,53.89569000
51.07758684,53.89569000
51.11758684,58.30561000
51.15758684,58.30561000
51.19758683,62.71553000
51.23758683,62.71553000
51.27758683,62.71553000
51.31758683,67.12546000
51.35758683,71.53539000
51.39758683,75.94530000
51.43758683,75.94530000
51.47758683,75.94530000
51.51758683,80.35523000
51.55758683,75.94530000
51.59758683,84.76515000
51.63758683,84.76515000
51.67758683,89.17508000
51.71758683,89.17508000
51.75758683,93.58500000
51.79758683,93.58500000
51.83758683,93.58500000
51.87758683,97.99493000
51.91758683,97.99493000
51.95758683,102.42010000
51.99758683,106.83000000
52.03758683,106.83000000
52.07758683,106.83000000
52.11758683,111.24000000
52.15758683,111.24000000
52.19758683,115.64990000
52.23758683,115.64990000
52.27758683,115.64990000
52.31758683,120.05980000
52.35758683,124.46970000
52.39758683,124.46970000
52.43758683,128.87970000
52.47758683,128.87970000
52.51758683,128.87970000
52.55758683,128.87970000
52.59758683,133.28960000
52.63758683,133.28960000
52.67758683,137.69950000
52.71758683,137.69950000
52.75758683,142.10940000
52.79758683,142.10940000
52.83758682,146.53460000
52.87758682,146.53460000
52.91758682,146.53460000
52.95758682,146.53460000
52.99758682,150.94450000
53.03758682,150.94450000
53.07758682,155.35450000
53.11758682,159.76440000
53.15758682,159.76440000
53.19758682,159.76440000
53.23758682,164.17430000
53.27758682,164.17430000
53.31758682,164.17430000
53.35758682,164.17430000
53.39758682,164.17430000
53.43758682,168.58420000
53.47758682,168.58420000
53.51758682,168.58420000
53.55758682,177.40410000
53.59758682,177.40410000
53.63758682,177.40410000
53.67758682,177.40410000
53.71758682,177.40410000
53.75758682,181.81400000
53.79758682,181.81400000
53.83758682,181.81400000
53.87758682,186.22390000
53.91758682,186.22390000
53.95758682,186.22390000
53.99758682,186.22390000
54.03758682,190.63390000
54.07758682,195.05900000
54.11758682,195.05900000
54.15758682,195.05900000
54.19758682,195.05900000
54.23758682,199.46900000
54.27758682,195.05900000
54.31758682,199.46900000
54.35758682,199.46900000
54.39758682,199.46900000
54.43758682,199.46900000
54.47758681,199.46900000
54.51758681,203.87890000
54.55758681,203.87890000
54.59758681,203.87890000
54.63758681,208.28880000
54.67758681,203.87890000
54.71758681,208.28880000
54.75758681,208.28880000
54.79758681,208.28880000
54.83758681,212.69870000
54.87758681,212.69870000
54.91758681,212.69870000
54.95758681,212.69870000
54.99758681,217.10870000
55.03758681,217.10870000
55.07758681,217.10870000
55.11758681,217.10870000
55.15758681,217.10870000
55.19758681,217.10870000
55.23758681,217.10870000
55.27758681,217.10870000
55.31758681,217.10870000
55.35758681,221.51860000
55.39758681,221.51860000
55.43758681,217.10870000
55.47758681,217.10870000
55.51758681,221.51860000
55.55758681,221.51860000
55.59758681,221.51860000
55.63758681,221.51860000
55.67758681,221.51860000
55.71758681,221.51860000
55.75758681,221.51860000
55.79758681,221.51860000
55.83758681,225.92850000
55.87758681,225.92850000
55.91758681,225.92850000
55.95758681,225.92850000
55.99758681,225.92850000
56.03758681,225.92850000
56.07758681,225.92850000
56.11758681,225.92850000
56.15758680,225.92850000
56.19758680,225.92850000
56.23758680,225.92850000
56.27758680,230.33840000
56.31758680,230.33840000
56.35758680,225.92850000
56.39758680,225.92850000
56.43758680,225.92850000
56.47758680,225.92850000
56.51758680,230.33840000
56.55758680,230.33840000
56.59758680,225.92850000
56.63758680,225.92850000
56.67758680,225.92850000
56.71758680,225.92850000
56.75758680,225.92850000
56.79758680,225.92850000
56.83758680,221.51860000
56.87758680,225.92850000
56.91758680,225.92850000
56.95758680,221.51860000
56.99758680,221.51860000
57.03758680,221.51860000
57.07758680,221.51860000
57.11758680,221.51860000
57.15758680,221.51860000
57.19758680,221.51860000
57.23758680,221.51860000
57.27758680,217.10870000
57.31758680,217.10870000
57.35758680,217.10870000
57.39758680,217.10870000
57.43758680,217.10870000
57.47758680,217.10870000
57.51758680,217.10870000
57.55758680,217.10870000
57.59758680,217.10870000
57.63758680,217.10870000
57.67758680,217.10870000
57.71758680,212.69870000
57.75758680,212.69870000
57.79758679,212.69870000
57.83758679,212.69870000
57.87758679,212.69870000
57.91758679,212.69870000
57.95758679,208.28880000
57.99758679,208.28880000
58.03758679,203.87890000
58.07758679,203.87890000
58.11758679,203.87890000
58.15758679,199.46900000
58.19758679,203.87890000
58.23758679,199.46900000
58.27758679,199.46900000
58.31758679,199.46900000
58.35758679,199.46900000
58.39758679,199.46900000
58.43758679,195.05900000
58.47758679,195.05900000
58.51758679,195.05900000
58.55758679,190.63390000
58.59758679,190.63390000
58.63758679,190.63390000
58.67758679,190.63390000
58.71758679,186.22390000
58.75758679,181.81400000
58.79758679,181.81400000
58.83758679,181.81400000
58.87758679,181.81400000
58.91758679,181.81400000
58.95758679,181.81400000
58.99758679,181.81400000
59.03758679,177.40410000
59.07758679,177.40410000
59.11758679,172.99420000
59.15758679,172.99420000
59.19758679,168.58420000
59.23758679,164.17430000
59.27758679,164.17430000
59.31758679,164.17430000
59.35758679,164.17430000
59.39758679,164.17430000
59.43758678,159.76440000
59.47758678,159.76440000
59.51758678,159.76440000
59.55758678,155.35450000
59.59758678,155.35450000
59.63758678,150.94450000
59.67758678,146.53460000
59.71758678,146.53460000
59.75758678,146.53460000
59.79758678,146.53460000
59.83758678,146.53460000
59.87758678,142.10940000
59.91758678,137.69950000
59.95758678,142.10940000
59.99758678,133.28960000
60.03758678,133.28960000
60.07758678,128.87970000
60.11758678,128.87970000
60.15758678,128.87970000
60.19758678,128.87970000
60.23758678,124.46970000
60.27758678,124.46970000
60.31758678,124.46970000
60.35758678,120.05980000
60.39758678,115.64990000
60.43758678,111.24000000
60.47758678,111.24000000
60.51758678,111.24000000
60.55758678,111.24000000
60.59758678,106.83000000
60.63758678,106.83000000
60.67758678,102.42010000
60.71758678,97.99493000
60.75758678,97.99493000
60.79758678,97.99493000
60.83758678,93.58500000
60.87758678,93.58500000
60.91758678,89.17508000
60.95758678,89.17508000
60.99758678,89.17508000
61.03758678,84.76515000
61.07758677,84.76515000
61.11758677,80.35523000
61.15758677,75.94530000
61.19758677,75.94530000
61.23758677,75.94530000
61.27758677,71.53539000
61.31758677,71.53539000
61.35758677,67.12546000
61.39758677,62.71553000
61.43758677,62.71553000
61.47758677,62.71553000
61.51758677,58.30561000
61.55758677,58.30561000
61.59758677,53.89569000
61.63758677,53.89569000
61.67758677,49.47050000
61.71758677,49.47050000
61.75758677,45.06058000
61.79758677,40.65065000
61.83758677,40.65065000
61.87758677,40.65065000
61.91758677,36.24073000
61.95758677,36.24073000
61.99758677,31.83080000
62.03758677,27.42088000
62.07758677,23.01095000
62.11758677,23.01095000
62.15758677,23.01095000
62.19758677,18.60103000
62.23758677,18.60103000
62.27758677,18.60103000
62.31758677,14.19111000
62.35758677,9.78118100
62.39758677,5.37125700
62.43758677,5.37125700
62.47758677,5.37125700
62.51758677,0.96133300
62.55758677,0.96133300
62.59758677,-7.85851600
62.63758677,-3.44859100
62.67758677,-7.85851600
62.71758676,-12.26844000
62.75758676,-12.26844000
62.79758676,-16.67836000
62.83758676,-16.67836000
62.87758676,-16.67836000
62.91758676,-25.49821000
62.95758676,-25.49821000
62.99758676,-29.90814000
63.03758676,-29.90814000
63.07758676,-34.31806000
63.11758676,-34.31806000
63.15758676,-34.31806000
63.19758676,-38.72799000
63.23758676,-43.15317000
63.27758676,-43.15317000
63.31758676,-47.56310000
63.35758676,-47.56310000
63.39758676,-47.56310000
63.43758676,-51.97302000
63.47758676,-56.38294000
63.51758676,-56.38294000
63.55758676,-60.79287000
63.59758676,-60.79287000
63.63758676,-65.20279000
63.67758676,-65.20279000
63.71758676,-65.20279000
63.75758676,-69.61272000
63.79758676,-69.61272000
63.83758676,-69.61272000
63.87758676,-78.43256000
63.91758676,-78.43256000
63.95758676,-82.84248000
63.99758676,-82.84248000
64.03758676,-82.84248000
64.07758676,-87.25241000
64.11758676,-87.25241000
64.15758676,-91.67760000
64.19758676,-96.08752000
64.23758676,-96.08752000
64.27758676,-100.49750000
64.31758676,-100.49750000
64.35758675,-100.49750000
64.39758675,-100.49750000
64.43758675,-104.90740000
64.47758675,-109.31730000
64.51758675,-109.31730000
64.55758675,-113.72720000
64.59758675,-113.72720000
64.63758675,-118.13710000
64.67758675,-118.13710000
64.71758675,-122.54710000
64.75758675,-122.54710000
64.79758675,-122.54710000
64.83758675,-126.95700000
64.87758675,-126.95700000
64.91758675,-131.36690000
64.95758675,-131.36690000
64.99758675,-135.79210000
65.03758675,-135.79210000
65.07758675,-135.79210000
65.11758675,-135.79210000
65.15758675,-140.20200000
65.19758675,-144.61190000
65.23758675,-149.02190000
65.27758675,-149.02190000
65.31758675,-149.02190000
65.35758675,-153.43180000
65.39758675,-153.43180000
65.43758675,-153.43180000
65.47758675,-153.43180000
65.51758675,-157.84170000
65.55758675,-157.84170000
65.59758675,-157.84170000
65.63758675,-162.25160000
65.67758675,-166.66160000
65.71758675,-166.66160000
65.75758675,-171.07150000
65.79758675,-171.07150000
65.83758675,-171.07150000
65.87758675,-171.07150000
65.91758675,-175.48140000
65.95758675,-175.48140000
65.99758674,-175.48140000
66.03758674,-175.48140000
66.07758674,-179.89130000
66.11758674,-179.89130000
66.15758674,-184.31650000
66.19758674,-184.31650000
66.23758674,-184.31650000
66.27758674,-188.72640000
66.31758674,-188.72640000
66.35758674,-188.72640000
66.39758674,-188.72640000
66.43758674,-193.13640000
66.47758674,-193.13640000
66.51758674,-193.13640000
66.55758674,-193.13640000
66.59758674,-193.13640000
66.63758674,-197.54630000
66.67758674,-201.95620000
66.71758674,-201.95620000
66.75758674,-201.95620000
66.79758674,-201.95620000
66.83758674,-206.36610000
66.87758674,-206.36610000
66.91758674,-206.36610000
66.95758674,-206.36610000
66.99758674,-206.36610000
67.03758674,-206.36610000
67.07758674,-210.77610000
67.11758674,-210.77610000
67.15758674,-210.77610000
67.19758674,-210.77610000
67.23758674,-210.77610000
67.27758674,-210.77610000
67.31758674,-215.18600000
67.35758674,-215.18600000
67.39758674,-215.18600000
67.43758674,-219.59590000
67.47758674,-219.59590000
67.51758674,-219.59590000
67.55758674,-219.59590000
67.59758674,-219.59590000
67.63758674,-224.00580000
67.67758673,-224.00580000
67.71758673,-224.00580000
67.75758673,-224.00580000
67.79758673,-224.00580000
67.83758673,-224.00580000
67.87758673,-224.00580000
67.91758673,-224.00580000
67.95758673,-228.41580000
67.99758673,-224.00580000
68.03758673,-228.41580000
68.07758673,-228.41580000
68.11758673,-228.41580000
68.15758673,-228.41580000
68.19758673,-228.41580000
68.23758673,-228.41580000
68.27758673,-228.41580000
68.31758673,-228.41580000
68.35758673,-228.41580000
68.39758673,-228.41580000
68.43758673,-228.41580000
68.47758673,-228.41580000
68.51758673,-228.41580000
68.55758673,-232.84100000
68.59758673,-228.41580000
68.63758673,-228.41580000
68.67758673,-228.41580000
68.71758673,-232.84100000
68.75758673,-228.41580000
68.79758673,-228.41580000
68.83758673,-228.41580000
68.87758673,-228.41580000
68.91758673,-232.84100000
68.95758673,-228.41580000
68.99758673,-232.84100000
69.03758673,-228.41580000
69.07758673,-228.41580000
69.11758673,-228.41580000
69.15758673,-232.84100000
69.19758673,-228.41580000
69.23758673,-228.41580000
69.27758673,-228.41580000
69.31758672,-228.41580000
69.35758672,-228.41580000
69.39758672,-228.41580000
69.43758672,-228.41580000
69.47758672,-228.41580000
69.51758672,-228.41580000
69.55758672,-228.41580000
69.59758672,-224.00580000
69.63758672,-224.00580000
69.67758672,-224.00580000
69.71758672,-224.00580000
69.75758672,-224.00580000
69.79758672,-224.00580000
69.83758672,-224.00580000
69.87758672,-224.00580000
69.91758672,-224.00580000
69.95758672,-224.00580000
69.99758672,-224.00580000
70.03758672,-219.59590000
70.07758672,-224.00580000
70.11758672,-224.00580000
70.15758672,-219.59590000
70.19758672,-219.59590000
70.23758672,-219.59590000
70.27758672,-219.59590000
70.31758672,-215.18600000
70.35758672,-215.18600000
70.39758672,-215.18600000
70.43758672,-210.77610000
70.47758672,-210.77610000
70.51758672,-210.77610000
70.55758672,-210.77610000
70.59758672,-210.77610000
70.63758672,-206.36610000
70.67758672,-206.36610000
70.71758672,-206.36610000
70.75758672,-206.36610000
70.79758672,-206.36610000
70.83758672,-206.36610000
70.87758672,-201.95620000
70.91758672,-201.95620000
70.95758671,-201.95620000
70.99758671,-197.54630000
71.03758671,-197.54630000
71.07758671,-193.13640000
71.11758671,-193.13640000
71.15758671,-193.13640000
71.19758671,-188.72640000
71.23758671,-193.13640000
71.27758671,-188.72640000
71.31758671,-188.72640000
71.35758671,-188.72640000
71.39758671,-184.31650000
71.43758671,-184.31650000
71.47758671,-184.31650000
71.51758671,-184.31650000
71.55758671,-179.89130000
71.59758671,-175.48140000
71.63758671,-175.48140000
71.67758671,-175.48140000
71.71758671,-175.48140000
71.75758671,-171.07150000
71.79758671,-171.07150000
71.83758671,-171.07150000
71.87758671,-166.66160000
71.91758671,-171.07150000
71.95758671,-166.66160000
71.99758671,-157.84170000
72.03758671,-157.84170000
72.07758671,-157.84170000
72.11758671,-157.84170000
72.15758671,-157.84170000
72.19758671,-153.43180000
72.23758671,-153.43180000
72.27758671,-149.02190000
72.31758671,-149.02190000
72.35758671,-149.02190000
72.39758671,-144.61190000
72.43758671,-140.20200000
72.47758671,-140.20200000
72.51758671,-140.20200000
72.55758671,-140.20200000
72.59758670,-135.79210000
72.63758670,-135.79210000
72.67758670,-135.79210000
72.71758670,-131.36690000
72.75758670,-131.36690000
72.79758670,-122.54710000
72.83758670,-126.95700000
72.87758670,-122.54710000
72.91758670,-122.54710000
72.95758670,-118.13710000
72.99758670,-118.13710000
73.03758670,-118.13710000
73.07758670,-118.13710000
73.11758670,-113.72720000
73.15758670,-104.90740000
73.19758670,-109.31730000
73.23758670,-104.90740000
73.27758670,-100.49750000
73.31758670,-100.49750000
73.35758670,-100.49750000
73.39758670,-96.08752000
73.43758670,-91.67760000
73.47758670,-91.67760000
73.51758670,-87.25241000
73.55758670,-87.25241000
73.59758670,-82.84248000
73.63758670,-82.84248000
73.67758670,-82.84248000
73.71758670,-78.43256000
73.75758670,-78.43256000
73.79758670,-74.02264000
73.83758670,-74.02264000
73.87758670,-69.61272000
73.91758670,-69.61272000
73.95758670,-69.61272000
73.99758670,-65.20279000
74.03758670,-65.20279000
74.07758670,-60.79287000
74.11758670,-56.38294000
74.15758670,-56.38294000
74.19758670,-51.97302000
74.23758669,-51.97302000
74.27758669,-47.56310000
74.31758669,-47.56310000
74.35758669,-47.56310000
74.39758669,-43.15317000
74.43758669,-43.15317000
74.47758669,-34.31806000
74.51758669,-34.31806000
74.55758669,-34.31806000
74.59758669,-29.90814000
74.63758669,-29.90814000
74.67758669,-25.49821000
74.71758669,-21.08829000
74.75758669,-21.08829000
74.79758669,-16.67836000
74.83758669,-16.67836000
74.87758669,-12.26844000
74.91758669,-12.26844000
74.95758669,-7.85851600
74.99758669,-7.85851600
75.03758669,-3.44859100
75.07758669,0.96133300
75.11758669,0.96133300
75.15758669,5.37125700
75.19758669,5.37125700
75.23758669,5.37125700
75.27758669,5.37125700
75.31758669,9.78118100
75.35758669,14.19111000
75.39758669,18.60103000
75.43758669,18.60103000
75.47758669,23.01095000
75.51758669,23.01095000
75.55758669,23.01095000
75.59758669,27.42088000
75.63758669,27.42088000
75.67758669,36.24073000
75.71758669,36.24073000
75.75758669,36.24073000
75.79758669,40.65065000
75.83758669,40.65065000
75.87758668,40.65065000
75.91758668,45.06058000
75.95758668,49.47050000
75.99758668,49.47050000
76.03758668,53.89569000
76.07758668,58.30561000
76.11758668,58.30561000
76.15758668,58.30561000
76.19758668,62.71553000
76.23758668,62.71553000
76.27758668,62.71553000
76.31758668,67.12546000
76.35758668,71.53539000
76.39758668,71.53539000
76.43758668,75.94530000
76.47758668,75.94530000
76.51758668,80.35523000
76.55758668,80.35523000
76.59758668,80.35523000
76.63758668,84.76515000
76.67758668,89.17508000
76.71758668,89.17508000
76.75758668,93.58500000
76.79758668,93.58500000
76.83758668,93.58500000
76.87758668,97.99493000
76.91758668,97.99493000
76.95758668,102.42010000
76.99758668,106.83000000
77.03758668,106.83000000
77.07758668,111.24000000
77.11758668,111.24000000
77.15758668,111.24000000
77.19758668,111.24000000
77.23758668,115.64990000
77.27758668,115.64990000
77.31758668,124.46970000
77.35758668,120.05980000
77.39758668,124.46970000
77.43758668,128.87970000
77.47758668,128.87970000
77.51758667,128.87970000
77.55758667,128.87970000
77.59758667,133.28960000
77.63758667,133.28960000
77.67758667,137.69950000
77.71758667,137.69950000
77.75758667,142.10940000
77.79758667,142.10940000
77.83758667,146.53460000
77.87758667,146.53460000
77.91758667,146.53460000
77.95758667,146.53460000
77.99758667,150.94450000
78.03758667,150.94450000
78.07758667,155.35450000
78.11758667,159.76440000
78.15758667,159.76440000
78.19758667,159.76440000
78.23758667,164.17430000
78.27758667,164.17430000
78.31758667,164.17430000
78.35758667,164.17430000
78.39758667,164.17430000
78.43758667,168.58420000
78.47758667,168.58420000
78.51758667,172.99420000
78.55758667,172.99420000
78.59758667,177.40410000
78.63758667,177.40410000
78.67758667,177.40410000
78.71758667,181.81400000
78.75758667,181.81400000
78.79758667,181.81400000
78.83758667,181.81400000
78.87758667,181.81400000
78.91758667,186.22390000
78.95758667,186.22390000
78.99758667,190.63390000
79.03758667,190.63390000
79.07758667,190.63390000
79.11758667,195.05900000
79.15758666,195.05900000
79.19758666,195.05900000
79.23758666,195.05900000
79.27758666,199.46900000
79.31758666,199.46900000
79.35758666,199.46900000
79.39758666,199.46900000
79.43758666,199.46900000
79.47758666,199.46900000
79.51758666,203.87890000
79.55758666,203.87890000
79.59758666,203.87890000
79.63758666,203.87890000
79.67758666,203.87890000
79.71758666,212.69870000
79.75758666,208.28880000
79.79758666,208.28880000
79.83758666,212.69870000
79.87758666,212.69870000
79.91758666,212.69870000
79.95758666,217.10870000
79.99758666,217.10870000
80.03758666,212.69870000
80.07758666,217.10870000
80.11758666,217.10870000
80.15758666,217.10870000
80.19758666,217.10870000
80.23758666,217.10870000
80.27758666,217.10870000
80.31758666,217.10870000
80.35758666,217.10870000
80.39758666,217.10870000
80.43758666,221.51860000
80.47758666,221.51860000
80.51758666,221.51860000
80.55758666,221.51860000
80.59758666,221.51860000
80.63758666,221.51860000
80.67758666,221.51860000
80.71758666,225.92850000
80.75758666,225.92850000
80.79758666,225.92850000
80.83758665,225.92850000
80.87758665,221.51860000
80.91758665,225.92850000
80.95758665,225.92850000
80.99758665,225.92850000
81.03758665,225.92850000
81.07758665,225.92850000
81.11758665,230.33840000
81.15758665,230.33840000
81.19758665,225.92850000
81.23758665,225.92850000
81.27758665,225.92850000
81.31758665,230.33840000
81.35758665,225.92850000
81.39758665,225.92850000
81.43758665,230.33840000
81.47758665,225.92850000
81.51758665,225.92850000
81.55758665,225.92850000
81.59758665,230.33840000
81.63758665,225.92850000
81.67758665,225.92850000
81.71758665,225.92850000
81.75758665,225.92850000
81.79758665,225.92850000
81.83758665,221.51860000
81.87758665,221.51860000
81.91758665,221.51860000
81.95758665,221.51860000
81.99758665,221.51860000
82.03758665,221.51860000
82.07758665,221.51860000
82.11758665,221.51860000
82.15758665,221.51860000
82.19758665,217.10870000
82.23758665,217.10870000
82.27758665,217.10870000
82.31758665,217.10870000
82.35758665,217.10870000
82.39758665,217.10870000
82.43758665,217.10870000
82.47758664,217.10870000
82.51758664,217.10870000
82.55758664,217.10870000
82.59758664,217.10870000
82.63758664,217.10870000
82.67758664,212.69870000
82.71758664,212.69870000
82.75758664,212.69870000
82.79758664,212.69870000
82.83758664,212.69870000
82.87758664,212.69870000
82.91758664,208.28880000
82.95758664,208.28880000
82.99758664,203.87890000
83.03758664,203.87890000
83.07758664,203.87890000
83.11758664,203.87890000
83.15758664,199.46900000
83.19758664,199.46900000
83.23758664,199.46900000
83.27758664,199.46900000
83.31758664,199.46900000
83.35758664,199.46900000
83.39758664,199.46900000
83.43758664,195.05900000
83.47758664,195.05900000
83.51758664,195.05900000
83.55758664,195.05900000
83.59758664,190.63390000
83.63758664,190.63390000
83.67758664,186.22390000
83.71758664,186.22390000
83.75758664,186.22390000
83.79758664,181.81400000
83.83758664,181.81400000
83.87758664,181.81400000
83.91758664,181.81400000
83.95758664,181.81400000
83.99758664,181.81400000
84.03758664,177.40410000
84.07758664,177.40410000
84.11758663,168.58420000
84.15758663,168.58420000
84.19758663,168.58420000
84.23758663,164.17430000
84.27758663,168.58420000
84.31758663,164.17430000
84.35758663,164.17430000
84.39758663,164.17430000
84.43758663,159.76440000
84.47758663,159.76440000
84.51758663,159.76440000
84.55758663,155.35450000
84.59758663,150.94450000
84.63758663,150.94450000
84.67758663,146.53460000
84.71758663,150.94450000
84.75758663,146.53460000
84.79758663,146.53460000
84.83758663,142.10940000
84.87758663,142.10940000
84.91758663,142.10940000
84.95758663,137.69950000
84.99758663,133.28960000
85.03758663,133.28960000
85.07758663,133.28960000
85.11758663,128.87970000
85.15758663,128.87970000
85.19758663,128.87970000
85.23758663,128.87970000
85.27758663,124.46970000
85.31758663,120.05980000
85.35758663,120.05980000
85.39758663,115.64990000
85.43758663,111.24000000
85.47758663,111.24000000
85.51758663,111.24000000
85.55758663,106.83000000
85.59758663,106.83000000
85.63758663,106.83000000
85.67758663,102.42010000
85.71758663,97.99493000
85.75758662,97.99493000
85.79758662,93.58500000
85.83758662,93.58500000
85.87758662,93.58500000
85.91758662,89.17508000
85.95758662,89.17508000
85.99758662,84.76515000
86.03758662,84.76515000
86.07758662,80.35523000
86.11758662,75.94530000
86.15758662,75.94530000
86.19758662,75.94530000
86.23758662,75.94530000
86.27758662,71.53539000
86.31758662,71.53539000
86.35758662,71.53539000
86.39758662,62.71553000
86.43758662,62.71553000
86.47758662,62.71553000
86.51758662,58.30561000
86.55758662,58.30561000
86.59758662,53.89569000
86.63758662,53.89569000
86.67758662,49.47050000
86.71758662,45.06058000
86.75758662,45.06058000
86.79758662,40.65065000
86.83758662,40.65065000
86.87758662,40.65065000
86.91758662,36.24073000
86.95758662,31.83080000
86.99758662,27.42088000
87.03758662,27.42088000
87.07758662,23.01095000
87.11758662,23.01095000
87.15758662,23.01095000
87.19758662,18.60103000
87.23758662,18.60103000
87.27758662,14.19111000
87.31758662,9.78118100
87.35758662,9.78118100
87.39758661,9.78118100
87.43758661,5.37125700
87.47758661,5.37125700
87.51758661,0.96133300
87.55758661,0.96133300
87.59758661,-3.44859100
87.63758661,-7.85851600
87.67758661,-12.26844000
87.71758661,-12.26844000
87.75758661,-12.26844000
87.79758661,-16.67836000
87.83758661,-16.67836000
87.87758661,-21.08829000
87.91758661,-21.08829000
87.95758661,-25.49821000
87.99758661,-29.90814000
88.03758661,-29.90814000
88.07758661,-29.90814000
88.11758661,-34.31806000
88.15758661,-38.72799000
88.19758661,-38.72799000
88.23758661,-43.15317000
88.27758661,-43.15317000
88.31758661,-47.56310000
88.35758661,-47.56310000
88.39758661,-47.56310000
88.43758661,-51.97302000
88.47758661,-56.38294000
88.51758661,-56.38294000
88.55758661,-60.79287000
88.59758661,-65.20279000
88.63758661,-65.20279000
88.67758661,-65.20279000
88.71758661,-69.61272000
88.75758661,-69.61272000
88.79758661,-69.61272000
88.83758661,-74.02264000
88.87758661,-78.43256000
88.91758661,-78.43256000
88.95758661,-82.84248000
88.99758661,-82.84248000
89.03758660,-82.84248000
89.07758660,-82.84248000
89.11758660,-87.25241000
89.15758660,-91.67760000
89.19758660,-96.08752000
89.23758660,-96.08752000
89.27758660,-100.49750000
89.31758660,-100.49750000
89.35758660,-100.49750000
89.39758660,-104.90740000
89.43758660,-104.90740000
89.47758660,-104.90740000
89.51758660,-109.31730000
89.55758660,-113.72720000
89.59758660,-118.13710000
89.63758660,-118.13710000
89.67758660,-118.13710000
89.71758660,-118.13710000
89.75758660,-122.54710000
89.79758660,-122.54710000
89.83758660,-126.95700000
89.87758660,-131.36690000
89.91758660,-131.36690000
89.95758660,-135.79210000
89.99758660,-135.79210000
90.03758660,-135.79210000
90.07758660,-135.79210000
90.11758660,-135.79210000
90.15758660,-140.20200000
90.19758660,-140.20200000
90.23758660,-144.61190000
90.27758660,-149.02190000
90.31758660,-149.02190000
90.35758660,-153.43180000
90.39758660,-153.43180000
90.43758660,-153.43180000
90.47758660,-153.43180000
90.51758660,-153.43180000
90.55758660,-157.84170000
90.59758660,-157.84170000
90.63758660,-162.25160000
90.67758659,-166.66160000
90.71758659,-166.66160000
90.75758659,-166.66160000
90.79758659,-171.07150000
90.83758659,-171.07150000
90.87758659,-171.07150000
90.91758659,-175.48140000
90.95758659,-175.48140000
90.99758659,-175.48140000
91.03758659,-179.89130000
91.07758659,-179.89130000
91.11758659,-184.31650000
91.15758659,-184.31650000
91.19758659,-184.31650000
91.23758659,-188.72640000
91.27758659,-188.72640000
91.31758659,-188.72640000
91.35758659,-188.72640000
91.39758659,-188.72640000
91.43758659,-193.13640000
91.47758659,-193.13640000
91.51758659,-193.13640000
91.55758659,-193.13640000
91.59758659,-197.54630000
91.63758659,-197.54630000
91.67758659,-197.54630000
91.71758659,-201.95620000
91.75758659,-201.95620000
91.79758659,-201.95620000
91.83758659,-206.36610000
91.87758659,-206.36610000
91.91758659,-206.36610000
91.95758659,-206.36610000
91.99758659,-206.36610000
92.03758659,-206.36610000
92.07758659,-210.77610000
92.11758659,-210.77610000
92.15758659,-210.77610000
92.19758659,-210.77610000
92.23758659,-210.77610000
92.27758659,-215.18600000
92.31758659,-219.59590000
92.35758658,-219.59590000
92.39758658,-219.59590000
92.43758658,-219.59590000
92.47758658,-219.59590000
92.51758658,-219.59590000
92.55758658,-224.00580000
92.59758658,-224.00580000
92.63758658,-224.00580000
92.67758658,-224.00580000
92.71758658,-219.59590000
92.75758658,-224.00580000
92.79758658,-224.00580000
92.83758658,-224.00580000
92.87758658,-224.00580000
92.91758658,-224.00580000
92.95758658,-224.00580000
92.99758658,-228.41580000
93.03758658,-228.41580000
93.07758658,-228.41580000
93.11758658,-228.41580000
93.15758658,-228.41580000
93.19758658,-228.41580000
93.23758658,-228.41580000
93.27758658,-228.41580000
93.31758658,-228.41580000
93.35758658,-228.41580000
93.39758658,-228.41580000
93.43758658,-228.41580000
93.47758658,-228.41580000
93.51758658,-228.41580000
93.55758658,-228.41580000
93.59758658,-232.84100000
93.63758658,-232.84100000
93.67758658,-228.41580000
93.71758658,-232.84100000
93.75758658,-232.84100000
93.79758658,-228.41580000
93.83758658,-232.84100000
93.87758658,-228.41580000
93.91758658,-232.84100000
93.95758658,-228.41580000
93.99758657,-232.84100000
94.03758657,-228.41580000
94.07758657,-228.41580000
94.11758657,-232.84100000
94.15758657,-228.41580000
94.19758657,-228.41580000
94.23758657,-228.41580000
94.27758657,-228.41580000
94.31758657,-228.41580000
94.35758657,-228.41580000
94.39758657,-228.41580000
94.43758657,-224.00580000
94.47758657,-228.41580000
94.51758657,-228.41580000
94.55758657,-228.41580000
94.59758657,-228.41580000
94.63758657,-224.00580000
94.67758657,-224.00580000
94.71758657,-228.41580000
94.75758657,-228.41580000
94.79758657,-224.00580000
94.83758657,-224.00580000
94.87758657,-224.00580000
94.91758657,-224.00580000
94.95758657,-224.00580000
94.99758657,-219.59590000
95.03758657,-219.59590000
95.07758657,-224.00580000
95.11758657,-219.59590000
95.15758657,-219.59590000
95.19758657,-219.59590000
95.23758657,-219.59590000
95.27758657,-219.59590000
95.31758657,-215.18600000
95.35758657,-219.59590000
95.39758657,-215.18600000
95.43758657,-210.77610000
95.47758657,-210.77610000
95.51758657,-210.77610000
95.55758657,-210.77610000
95.59758657,-210.77610000
95.63758656,-206.36610000
95.67758656,-206.36610000
95.71758656,-206.36610000
95.75758656,-206.36610000
95.79758656,-206.36610000
95.83758656,-206.36610000
95.87758656,-201.95620000
95.91758656,-201.95620000
95.95758656,-201.95620000
95.99758656,-201.95620000
96.03758656,-197.54630000
96.07758656,-193.13640000
96.11758656,-193.13640000
96.15758656,-193.13640000
96.19758656,-193.13640000
96.23758656,-188.72640000
96.27758656,-188.72640000
96.31758656,-188.72640000
96.35758656,-188.72640000
96.39758656,-188.72640000
96.43758656,-184.31650000
96.47758656,-184.31650000
96.51758656,-184.31650000
96.55758656,-179.89130000
96.59758656,-175.48140000
96.63758656,-175.48140000
96.67758656,-175.48140000
96.71758656,-175.48140000
96.75758656,-175.48140000
96.79758656,-171.07150000
96.83758656,-171.07150000
96.87758656,-171.07150000
96.91758656,-166.66160000
96.95758656,-166.66160000
96.99758656,-166.66160000
97.03758656,-162.25160000
97.07758656,-157.84170000
97.11758656,-157.84170000
97.15758656,-153.43180000
97.19758656,-153.43180000
97.23758656,-153.43180000
97.27758655,-153.43180000
97.31758655,-149.02190000
97.35758655,-149.02190000
97.39758655,-144.61190000
97.43758655,-140.20200000
97.47758655,-140.20200000
97.51758655,-140.20200000
97.55758655,-140.20200000
97.59758655,-135.79210000
97.63758655,-135.79210000
97.67758655,-135.79210000
97.71758655,-135.79210000
97.75758655,-131.36690000
97.79758655,-122.54710000
97.83758655,-122.54710000
97.87758655,-122.54710000
97.91758655,-122.54710000
97.95758655,-118.13710000
97.99758655,-118.13710000
98.03758655,-118.13710000
98.07758655,-118.13710000
98.11758655,-113.72720000
98.15758655,-109.31730000
98.19758655,-104.90740000
98.23758655,-104.90740000
98.27758655,-100.49750000
98.31758655,-100.49750000
98.35758655,-100.49750000
98.39758655,-96.08752000
98.43758655,-96.08752000
98.47758655,-91.67760000
98.51758655,-87.25241000
98.55758655,-87.25241000
98.59758655,-87.25241000
98.63758655,-82.84248000
98.67758655,-82.84248000
98.71758655,-78.43256000
98.75758655,-78.43256000
98.79758655,-74.02264000
98.83758655,-69.61272000
98.87758655,-69.61272000
98.91758654,-69.61272000
98.95758654,-65.20279000
98.99758654,-65.20279000
99.03758654,-60.79287000
99.07758654,-60.79287000
99.11758654,-60.79287000
99.15758654,-56.38294000
99.19758654,-51.97302000
99.23758654,-51.97302000
99.27758654,-47.56310000
99.31758654,-47.56310000
99.35758654,-47.56310000
99.39758654,-43.15317000
99.43758654,-43.15317000
99.47758654,-38.72799000
99.51758654,-34.31806000
99.55758654,-34.31806000
99.59758654,-29.90814000
99.63758654,-29.90814000
99.67758654,-25.49821000
99.71758654,-25.49821000
99.75758654,-21.08829000
99.79758654,-16.67836000
99.83758654,-16.67836000
99.87758654,-12.26844000
99.91758654,-12.26844000
99.95758654,-12.26844000
99.99758654,-7.85851600
100.03758654,-7.85851600
