Time,Channel B
(us),(mV)

-100.08722165,-7.85851600
-100.04722165,-7.85851600
-100.00722165,-7.85851600
-99.96722165,-3.44859100
-99.92722165,0.96133300
-99.88722165,0.96133300
-99.84722166,5.37125700
-99.80722166,5.37125700
-99.76722166,5.37125700
-99.72722166,9.78118100
-99.68722166,9.78118100
-99.64722166,14.19111000
-99.60722166,14.19111000
-99.56722166,18.60103000
-99.52722166,18.60103000
-99.48722166,23.01095000
-99.44722166,23.01095000
-99.40722166,27.42088000
-99.36722166,27.42088000
-99.32722166,31.83080000
-99.28722166,36.24073000
-99.24722166,36.24073000
-99.20722166,36.24073000
-99.16722166,40.65065000
-99.12722166,40.65065000
-99.08722166,40.65065000
-99.04722166,45.06058000
-99.00722166,49.47050000
-98.96722166,49.47050000
-98.92722166,53.89569000
-98.88722166,53.89569000
-98.84722166,58.30561000
-98.80722166,58.30561000
-98.76722166,58.30561000
-98.72722166,62.71553000
-98.68722166,62.71553000
-98.64722166,62.71553000
-98.60722166,67.12546000
-98.56722166,71.53539000
-98.52722166,71.53539000
-98.48722166,75.94530000
-98.44722166,75.94530000
-98.40722166,75.94530000
-98.36722166,80.35523000
-98.32722166,80.35523000
-98.28722166,84.76515000
-98.24722166,84.76515000
-98.20722167,89.17508000
-98.16722167,89.17508000
-98.12722167,89.17508000
-98.08722167,93.58500000
-98.04722167,93.58500000
-98.00722167,93.58500000
-97.96722167,97.99493000
-97.92722167,97.99493000
-97.88722167,102.42010000
-97.84722167,106.83000000
-97.80722167,106.83000000
-97.76722167,111.24000000
-97.72722167,111.24000000
-97.68722167,111.24000000
-97.64722167,111.24000000
-97.60722167,115.64990000
-97.56722167,120.05980000
-97.52722167,115.64990000
-97.48722167,120.05980000
-97.44722167,124.46970000
-97.40722167,124.46970000
-97.36722167,128.87970000
-97.32722167,128.87970000
-97.28722167,128.87970000
-97.24722167,128.87970000
-97.20722167,133.28960000
-97.16722167,133.28960000
-97.12722167,137.69950000
-97.08722167,137.69950000
-97.04722167,142.10940000
-97.00722167,142.10940000
-96.96722167,142.10940000
-96.92722167,146.53460000
-96.88722167,146.53460000
-96.84722167,146.53460000
-96.80722167,146.53460000
-96.76722167,150.94450000
-96.72722167,150.94450000
-96.68722167,150.94450000
-96.64722167,155.35450000
-96.60722167,159.76440000
-96.56722168,159.76440000
-96.52722168,159.76440000
-96.48722168,159.76440000
-96.44722168,159.76440000
-96.40722168,164.17430000
-96.36722168,164.17430000
-96.32722168,164.17430000
-96.28722168,164.17430000
-96.24722168,168.58420000
-96.20722168,168.58420000
-96.16722168,168.58420000
-96.12722168,172.99420000
-96.08722168,177.40410000
-96.04722168,177.40410000
-96.00722168,177.40410000
-95.96722168,177.40410000
-95.92722168,181.81400000
-95.88722168,181.81400000
-95.84722168,181.81400000
-95.80722168,181.81400000
-95.76722168,181.81400000
-95.72722168,186.22390000
-95.68722168,186.22390000
-95.64722168,186.22390000
-95.60722168,186.22390000
-95.56722168,190.63390000
-95.52722168,190.63390000
-95.48722168,195.05900000
-95.44722168,195.05900000
-95.40722168,195.05900000
-95.36722168,195.05900000
-95.32722168,195.05900000
-95.28722168,195.05900000
-95.24722168,195.05900000
-95.20722168,199.46900000
-95.16722168,199.46900000
-95.12722168,199.46900000
-95.08722168,199.46900000
-95.04722168,199.46900000
-95.00722168,203.87890000
-94.96722168,199.46900000
-94.92722169,199.46900000
-94.88722169,199.46900000
-94.84722169,203.87890000
-94.80722169,203.87890000
-94.76722169,203.87890000
-94.72722169,203.87890000
-94.68722169,203.87890000
-94.64722169,208.28880000
-94.60722169,208.28880000
-94.56722169,208.28880000
-94.52722169,212.69870000
-94.48722169,212.69870000
-94.44722169,212.69870000
-94.40722169,212.69870000
-94.36722169,212.69870000
-94.32722169,212.69870000
-94.28722169,212.69870000
-94.24722169,212.69870000
-94.20722169,212.69870000
-94.16722169,212.69870000
-94.12722169,212.69870000
-94.08722169,212.69870000
-94.04722169,212.69870000
-94.00722169,212.69870000
-93.96722169,212.69870000
-93.92722169,212.69870000
-93.88722169,217.10870000
-93.84722169,212.69870000
-93.80722169,217.10870000
-93.76722169,217.10870000
-93.72722169,217.10870000
-93.68722169,217.10870000
-93.64722169,217.10870000
-93.60722169,217.10870000
-93.56722169,217.10870000
-93.52722169,217.10870000
-93.48722169,217.10870000
-93.44722169,217.10870000
-93.40722169,217.10870000
-93.36722169,217.10870000
-93.32722169,217.10870000
-93.28722169,212.69870000
-93.24722170,217.10870000
-93.20722170,217.10870000
-93.16722170,212.69870000
-93.12722170,217.10870000
-93.08722170,212.69870000
-93.04722170,212.69870000
-93.00722170,212.69870000
-92.96722170,212.69870000
-92.92722170,212.69870000
-92.88722170,212.69870000
-92.84722170,212.69870000
-92.80722170,212.69870000
-92.76722170,212.69870000
-92.72722170,212.69870000
-92.68722170,208.28880000
-92.64722170,212.69870000
-92.60722170,212.69870000
-92.56722170,208.28880000
-92.52722170,208.28880000
-92.48722170,203.87890000
-92.44722170,203.87890000
-92.40722170,208.28880000
-92.36722170,203.87890000
-92.32722170,203.87890000
-92.28722170,203.87890000
-92.24722170,203.87890000
-92.20722170,203.87890000
-92.16722170,199.46900000
-92.12722170,199.46900000
-92.08722170,199.46900000
-92.04722170,199.46900000
-92.00722170,199.46900000
-91.96722170,199.46900000
-91.92722170,199.46900000
-91.88722170,199.46900000
-91.84722170,199.46900000
-91.80722170,195.05900000
-91.76722170,195.05900000
-91.72722170,195.05900000
-91.68722170,195.05900000
-91.64722170,195.05900000
-91.60722171,190.63390000
-91.56722171,190.63390000
-91.52722171,186.22390000
-91.48722171,186.22390000
-91.44722171,186.22390000
-91.40722171,186.22390000
-91.36722171,181.81400000
-91.32722171,181.81400000
-91.28722171,181.81400000
-91.24722171,181.81400000
-91.20722171,181.81400000
-91.16722171,181.81400000
-91.12722171,177.40410000
-91.08722171,177.40410000
-91.04722171,177.40410000
-91.00722171,177.40410000
-90.96722171,177.40410000
-90.92722171,177.40410000
-90.88722171,168.58420000
-90.84722171,168.58420000
-90.80722171,164.17430000
-90.76722171,164.17430000
-90.72722171,164.17430000
-90.68722171,164.17430000
-90.64722171,164.17430000
-90.60722171,159.76440000
-90.56722171,159.76440000
-90.52722171,155.35450000
-90.48722171,155.35450000
-90.44722171,155.35450000
-90.40722171,150.94450000
-90.36722171,150.94450000
-90.32722171,150.94450000
-90.28722171,150.94450000
-90.24722171,146.53460000
-90.20722171,146.53460000
-90.16722171,146.53460000
-90.12722171,146.53460000
-90.08722171,142.10940000
-90.04722171,142.10940000
-90.00722171,137.69950000
-89.96722172,133.28960000
-89.92722172,133.28960000
-89.88722172,133.28960000
-89.84722172,133.28960000
-89.80722172,128.87970000
-89.76722172,128.87970000
-89.72722172,128.87970000
-89.68722172,124.46970000
-89.64722172,124.46970000
-89.60722172,120.05980000
-89.56722172,115.64990000
-89.52722172,115.64990000
-89.48722172,111.24000000
-89.44722172,111.24000000
-89.40722172,111.24000000
-89.36722172,111.24000000
-89.32722172,106.83000000
-89.28722172,106.83000000
-89.24722172,106.83000000
-89.20722172,106.83000000
-89.16722172,97.99493000
-89.12722172,97.99493000
-89.08722172,97.99493000
-89.04722172,93.58500000
-89.00722172,93.58500000
-88.96722172,89.17508000
-88.92722172,89.17508000
-88.88722172,89.17508000
-88.84722172,84.76515000
-88.80722172,84.76515000
-88.76722172,80.35523000
-88.72722172,75.94530000
-88.68722172,75.94530000
-88.64722172,75.94530000
-88.60722172,75.94530000
-88.56722172,71.53539000
-88.52722172,71.53539000
-88.48722172,71.53539000
-88.44722172,62.71553000
-88.40722172,62.71553000
-88.36722172,62.71553000
-88.32722173,58.30561000
-88.28722173,58.30561000
-88.24722173,53.89569000
-88.20722173,53.89569000
-88.16722173,49.47050000
-88.12722173,53.89569000
-88.08722173,45.06058000
-88.04722173,45.06058000
-88.00722173,40.65065000
-87.96722173,40.65065000
-87.92722173,40.65065000
-87.88722173,36.24073000
-87.84722173,36.24073000
-87.80722173,36.24073000
-87.76722173,27.42088000
-87.72722173,27.42088000
-87.68722173,27.42088000
-87.64722173,23.01095000
-87.60722173,23.01095000
-87.56722173,18.60103000
-87.52722173,18.60103000
-87.48722173,14.19111000
-87.44722173,14.19111000
-87.40722173,9.78118100
-87.36722173,9.78118100
-87.32722173,5.37125700
-87.28722173,5.37125700
-87.24722173,5.37125700
-87.20722173,5.37125700
-87.16722173,0.96133300
-87.12722173,-3.44859100
-87.08722173,-7.85851600
-87.04722173,-7.85851600
-87.00722173,-12.26844000
-86.96722173,-12.26844000
-86.92722173,-12.26844000
-86.88722173,-16.67836000
-86.84722173,-16.67836000
-86.80722173,-16.67836000
-86.76722173,-21.08829000
-86.72722173,-25.49821000
-86.68722174,-29.90814000
-86.64722174,-29.90814000
-86.60722174,-29.90814000
-86.56722174,-34.31806000
-86.52722174,-34.31806000
-86.48722174,-38.72799000
-86.44722174,-38.72799000
-86.40722174,-43.15317000
-86.36722174,-43.15317000
-86.32722174,-47.56310000
-86.28722174,-47.56310000
-86.24722174,-47.56310000
-86.20722174,-47.56310000
-86.16722174,-51.97302000
-86.12722174,-56.38294000
-86.08722174,-56.38294000
-86.04722174,-60.79287000
-86.00722174,-65.20279000
-85.96722174,-65.20279000
-85.92722174,-65.20279000
-85.88722174,-65.20279000
-85.84722174,-69.61272000
-85.80722174,-69.61272000
-85.76722174,-74.02264000
-85.72722174,-74.02264000
-85.68722174,-78.43256000
-85.64722174,-78.43256000
-85.60722174,-82.84248000
-85.56722174,-82.84248000
-85.52722174,-87.25241000
-85.48722174,-87.25241000
-85.44722174,-87.25241000
-85.40722174,-87.25241000
-85.36722174,-91.67760000
-85.32722174,-96.08752000
-85.28722174,-96.08752000
-85.24722174,-100.49750000
-85.20722174,-100.49750000
-85.16722174,-100.49750000
-85.12722174,-104.90740000
-85.08722174,-104.90740000
-85.04722175,-104.90740000
-85.00722175,-109.31730000
-84.96722175,-113.72720000
-84.92722175,-113.72720000
-84.88722175,-113.72720000
-84.84722175,-118.13710000
-84.80722175,-118.13710000
-84.76722175,-118.13710000
-84.72722175,-122.54710000
-84.68722175,-122.54710000
-84.64722175,-122.54710000
-84.60722175,-126.95700000
-84.56722175,-131.36690000
-84.52722175,-131.36690000
-84.48722175,-131.36690000
-84.44722175,-131.36690000
-84.40722175,-135.79210000
-84.36722175,-135.79210000
-84.32722175,-135.79210000
-84.28722175,-140.20200000
-84.24722175,-140.20200000
-84.20722175,-140.20200000
-84.16722175,-140.20200000
-84.12722175,-140.20200000
-84.08722175,-149.02190000
-84.04722175,-149.02190000
-84.00722175,-149.02190000
-83.96722175,-153.43180000
-83.92722175,-153.43180000
-83.88722175,-153.43180000
-83.84722175,-153.43180000
-83.80722175,-153.43180000
-83.76722175,-153.43180000
-83.72722175,-157.84170000
-83.68722175,-157.84170000
-83.64722175,-157.84170000
-83.60722175,-162.25160000
-83.56722175,-162.25160000
-83.52722175,-166.66160000
-83.48722175,-166.66160000
-83.44722175,-171.07150000
-83.40722176,-171.07150000
-83.36722176,-171.07150000
-83.32722176,-171.07150000
-83.28722176,-171.07150000
-83.24722176,-171.07150000
-83.20722176,-175.48140000
-83.16722176,-175.48140000
-83.12722176,-175.48140000
-83.08722176,-175.48140000
-83.04722176,-175.48140000
-83.00722176,-179.89130000
-82.96722176,-184.31650000
-82.92722176,-184.31650000
-82.88722176,-184.31650000
-82.84722176,-184.31650000
-82.80722176,-184.31650000
-82.76722176,-184.31650000
-82.72722176,-188.72640000
-82.68722176,-188.72640000
-82.64722176,-188.72640000
-82.60722176,-188.72640000
-82.56722176,-188.72640000
-82.52722176,-188.72640000
-82.48722176,-193.13640000
-82.44722176,-193.13640000
-82.40722176,-193.13640000
-82.36722176,-193.13640000
-82.32722176,-193.13640000
-82.28722176,-193.13640000
-82.24722176,-193.13640000
-82.20722176,-193.13640000
-82.16722176,-197.54630000
-82.12722176,-197.54630000
-82.08722176,-197.54630000
-82.04722176,-197.54630000
-82.00722176,-197.54630000
-81.96722176,-197.54630000
-81.92722176,-201.95620000
-81.88722176,-201.95620000
-81.84722176,-201.95620000
-81.80722176,-201.95620000
-81.76722177,-201.95620000
-81.72722177,-201.95620000
-81.68722177,-201.95620000
-81.64722177,-201.95620000
-81.60722177,-201.95620000
-81.56722177,-201.95620000
-81.52722177,-206.36610000
-81.48722177,-201.95620000
-81.44722177,-201.95620000
-81.40722177,-206.36610000
-81.36722177,-206.36610000
-81.32722177,-206.36610000
-81.28722177,-206.36610000
-81.24722177,-206.36610000
-81.20722177,-206.36610000
-81.16722177,-201.95620000
-81.12722177,-201.95620000
-81.08722177,-206.36610000
-81.04722177,-206.36610000
-81.00722177,-206.36610000
-80.96722177,-206.36610000
-80.92722177,-206.36610000
-80.88722177,-206.36610000
-80.84722177,-206.36610000
-80.80722177,-206.36610000
-80.76722177,-201.95620000
-80.72722177,-201.95620000
-80.68722177,-206.36610000
-80.64722177,-206.36610000
-80.60722177,-206.36610000
-80.56722177,-206.36610000
-80.52722177,-201.95620000
-80.48722177,-201.95620000
-80.44722177,-206.36610000
-80.40722177,-201.95620000
-80.36722177,-201.95620000
-80.32722177,-201.95620000
-80.28722177,-201.95620000
-80.24722177,-201.95620000
-80.20722177,-201.95620000
-80.16722177,-197.54630000
-80.12722177,-201.95620000
-80.08722178,-201.95620000
-80.04722178,-193.13640000
-80.00722178,-197.54630000
-79.96722178,-197.54630000
-79.92722178,-197.54630000
-79.88722178,-193.13640000
-79.84722178,-193.13640000
-79.80722178,-193.13640000
-79.76722178,-193.13640000
-79.72722178,-193.13640000
-79.68722178,-193.13640000
-79.64722178,-188.72640000
-79.60722178,-188.72640000
-79.56722178,-188.72640000
-79.52722178,-188.72640000
-79.48722178,-188.72640000
-79.44722178,-188.72640000
-79.40722178,-188.72640000
-79.36722178,-188.72640000
-79.32722178,-184.31650000
-79.28722178,-184.31650000
-79.24722178,-184.31650000
-79.20722178,-184.31650000
-79.16722178,-184.31650000
-79.12722178,-179.89130000
-79.08722178,-179.89130000
-79.04722178,-175.48140000
-79.00722178,-175.48140000
-78.96722178,-175.48140000
-78.92722178,-175.48140000
-78.88722178,-175.48140000
-78.84722178,-171.07150000
-78.80722178,-171.07150000
-78.76722178,-171.07150000
-78.72722178,-171.07150000
-78.68722178,-171.07150000
-78.64722178,-171.07150000
-78.60722178,-166.66160000
-78.56722178,-166.66160000
-78.52722178,-162.25160000
-78.48722178,-162.25160000
-78.44722179,-157.84170000
-78.40722179,-157.84170000
-78.36722179,-157.84170000
-78.32722179,-157.84170000
-78.28722179,-153.43180000
-78.24722179,-153.43180000
-78.20722179,-153.43180000
-78.16722179,-153.43180000
-78.12722179,-153.43180000
-78.08722179,-149.02190000
-78.04722179,-149.02190000
-78.00722179,-149.02190000
-77.96722179,-144.61190000
-77.92722179,-144.61190000
-77.88722179,-140.20200000
-77.84722179,-140.20200000
-77.80722179,-140.20200000
-77.76722179,-135.79210000
-77.72722179,-135.79210000
-77.68722179,-135.79210000
-77.64722179,-131.36690000
-77.60722179,-131.36690000
-77.56722179,-131.36690000
-77.52722179,-126.95700000
-77.48722179,-122.54710000
-77.44722179,-122.54710000
-77.40722179,-122.54710000
-77.36722179,-122.54710000
-77.32722179,-118.13710000
-77.28722179,-118.13710000
-77.24722179,-113.72720000
-77.20722179,-113.72720000
-77.16722179,-113.72720000
-77.12722179,-109.31730000
-77.08722179,-109.31730000
-77.04722179,-104.90740000
-77.00722179,-100.49750000
-76.96722179,-100.49750000
-76.92722179,-100.49750000
-76.88722179,-100.49750000
-76.84722179,-100.49750000
-76.80722180,-96.08752000
-76.76722180,-96.08752000
-76.72722180,-91.67760000
-76.68722180,-87.25241000
-76.64722180,-87.25241000
-76.60722180,-87.25241000
-76.56722180,-82.84248000
-76.52722180,-82.84248000
-76.48722180,-82.84248000
-76.44722180,-78.43256000
-76.40722180,-78.43256000
-76.36722180,-74.02264000
-76.32722180,-69.61272000
-76.28722180,-69.61272000
-76.24722180,-69.61272000
-76.20722180,-69.61272000
-76.16722180,-65.20279000
-76.12722180,-65.20279000
-76.08722180,-60.79287000
-76.04722180,-60.79287000
-76.00722180,-56.38294000
-75.96722180,-56.38294000
-75.92722180,-51.97302000
-75.88722180,-51.97302000
-75.84722180,-47.56310000
-75.80722180,-47.56310000
-75.76722180,-47.56310000
-75.72722180,-43.15317000
-75.68722180,-43.15317000
-75.64722180,-38.72799000
-75.60722180,-34.31806000
-75.56722180,-34.31806000
-75.52722180,-34.31806000
-75.48722180,-29.90814000
-75.44722180,-29.90814000
-75.40722180,-25.49821000
-75.36722180,-25.49821000
-75.32722180,-21.08829000
-75.28722180,-21.08829000
-75.24722180,-16.67836000
-75.20722180,-12.26844000
-75.16722181,-12.26844000
-75.12722181,-12.26844000
-75.08722181,-7.85851600
-75.04722181,-7.85851600
-75.00722181,-7.85851600
-74.96722181,-3.44859100
-74.92722181,0.96133300
-74.88722181,0.96133300
-74.84722181,5.37125700
-74.80722181,5.37125700
-74.76722181,5.37125700
-74.72722181,9.78118100
-74.68722181,9.78118100
-74.64722181,14.19111000
-74.60722181,14.19111000
-74.56722181,18.60103000
-74.52722181,23.01095000
-74.48722181,23.01095000
-74.44722181,23.01095000
-74.40722181,23.01095000
-74.36722181,27.42088000
-74.32722181,27.42088000
-74.28722181,36.24073000
-74.24722181,36.24073000
-74.20722181,40.65065000
-74.16722181,40.65065000
-74.12722181,40.65065000
-74.08722181,40.65065000
-74.04722181,45.06058000
-74.00722181,45.06058000
-73.96722181,49.47050000
-73.92722181,53.89569000
-73.88722181,53.89569000
-73.84722181,58.30561000
-73.80722181,58.30561000
-73.76722181,58.30561000
-73.72722181,62.71553000
-73.68722181,62.71553000
-73.64722181,67.12546000
-73.60722181,67.12546000
-73.56722181,71.53539000
-73.52722182,71.53539000
-73.48722182,71.53539000
-73.44722182,75.94530000
-73.40722182,75.94530000
-73.36722182,75.94530000
-73.32722182,80.35523000
-73.28722182,84.76515000
-73.24722182,89.17508000
-73.20722182,89.17508000
-73.16722182,89.17508000
-73.12722182,93.58500000
-73.08722182,93.58500000
-73.04722182,93.58500000
-73.00722182,93.58500000
-72.96722182,97.99493000
-72.92722182,97.99493000
-72.88722182,102.42010000
-72.84722182,102.42010000
-72.80722182,106.83000000
-72.76722182,111.24000000
-72.72722182,111.24000000
-72.68722182,111.24000000
-72.64722182,111.24000000
-72.60722182,115.64990000
-72.56722182,120.05980000
-72.52722182,115.64990000
-72.48722182,124.46970000
-72.44722182,124.46970000
-72.40722182,124.46970000
-72.36722182,124.46970000
-72.32722182,128.87970000
-72.28722182,128.87970000
-72.24722182,128.87970000
-72.20722182,133.28960000
-72.16722182,133.28960000
-72.12722182,133.28960000
-72.08722182,137.69950000
-72.04722182,142.10940000
-72.00722182,142.10940000
-71.96722182,142.10940000
-71.92722182,146.53460000
-71.88722183,146.53460000
-71.84722183,146.53460000
-71.80722183,146.53460000
-71.76722183,150.94450000
-71.72722183,150.94450000
-71.68722183,150.94450000
-71.64722183,155.35450000
-71.60722183,159.76440000
-71.56722183,159.76440000
-71.52722183,159.76440000
-71.48722183,159.76440000
-71.44722183,164.17430000
-71.40722183,164.17430000
-71.36722183,164.17430000
-71.32722183,164.17430000
-71.28722183,168.58420000
-71.24722183,168.58420000
-71.20722183,168.58420000
-71.16722183,172.99420000
-71.12722183,177.40410000
-71.08722183,177.40410000
-71.04722183,177.40410000
-71.00722183,177.40410000
-70.96722183,177.40410000
-70.92722183,181.81400000
-70.88722183,181.81400000
-70.84722183,181.81400000
-70.80722183,181.81400000
-70.76722183,181.81400000
-70.72722183,181.81400000
-70.68722183,181.81400000
-70.64722183,186.22390000
-70.60722183,186.22390000
-70.56722183,190.63390000
-70.52722183,190.63390000
-70.48722183,190.63390000
-70.44722183,195.05900000
-70.40722183,195.05900000
-70.36722183,195.05900000
-70.32722183,195.05900000
-70.28722183,195.05900000
-70.24722184,199.46900000
-70.20722184,199.46900000
-70.16722184,199.46900000
-70.12722184,199.46900000
-70.08722184,199.46900000
-70.04722184,199.46900000
-70.00722184,199.46900000
-69.96722184,199.46900000
-69.92722184,203.87890000
-69.88722184,203.87890000
-69.84722184,203.87890000
-69.80722184,203.87890000
-69.76722184,203.87890000
-69.72722184,208.28880000
-69.68722184,208.28880000
-69.64722184,208.28880000
-69.60722184,208.28880000
-69.56722184,208.28880000
-69.52722184,208.28880000
-69.48722184,212.69870000
-69.44722184,212.69870000
-69.40722184,212.69870000
-69.36722184,212.69870000
-69.32722184,212.69870000
-69.28722184,212.69870000
-69.24722184,212.69870000
-69.20722184,212.69870000
-69.16722184,212.69870000
-69.12722184,212.69870000
-69.08722184,212.69870000
-69.04722184,212.69870000
-69.00722184,217.10870000
-68.96722184,212.69870000
-68.92722184,217.10870000
-68.88722184,217.10870000
-68.84722184,212.69870000
-68.80722184,217.10870000
-68.76722184,217.10870000
-68.72722184,212.69870000
-68.68722184,217.10870000
-68.64722184,217.10870000
-68.60722184,217.10870000
-68.56722185,217.10870000
-68.52722185,217.10870000
-68.48722185,212.69870000
-68.44722185,212.69870000
-68.40722185,217.10870000
-68.36722185,217.10870000
-68.32722185,217.10870000
-68.28722185,217.10870000
-68.24722185,217.10870000
-68.20722185,217.10870000
-68.16722185,212.69870000
-68.12722185,212.69870000
-68.08722185,217.10870000
-68.04722185,217.10870000
-68.00722185,217.10870000
-67.96722185,212.69870000
-67.92722185,212.69870000
-67.88722185,212.69870000
-67.84722185,212.69870000
-67.80722185,212.69870000
-67.76722185,212.69870000
-67.72722185,208.28880000
-67.68722185,212.69870000
-67.64722185,212.69870000
-67.60722185,208.28880000
-67.56722185,208.28880000
-67.52722185,208.28880000
-67.48722185,208.28880000
-67.44722185,208.28880000
-67.40722185,203.87890000
-67.36722185,203.87890000
-67.32722185,203.87890000
-67.28722185,203.87890000
-67.24722185,199.46900000
-67.20722185,203.87890000
-67.16722185,199.46900000
-67.12722185,203.87890000
-67.08722185,199.46900000
-67.04722185,199.46900000
-67.00722185,199.46900000
-66.96722185,199.46900000
-66.92722186,199.46900000
-66.88722186,199.46900000
-66.84722186,195.05900000
-66.80722186,195.05900000
-66.76722186,195.05900000
-66.72722186,195.05900000
-66.68722186,195.05900000
-66.64722186,190.63390000
-66.60722186,190.63390000
-66.56722186,190.63390000
-66.52722186,186.22390000
-66.48722186,186.22390000
-66.44722186,186.22390000
-66.40722186,186.22390000
-66.36722186,186.22390000
-66.32722186,181.81400000
-66.28722186,181.81400000
-66.24722186,181.81400000
-66.20722186,181.81400000
-66.16722186,181.81400000
-66.12722186,181.81400000
-66.08722186,177.40410000
-66.04722186,177.40410000
-66.00722186,177.40410000
-65.96722186,172.99420000
-65.92722186,172.99420000
-65.88722186,168.58420000
-65.84722186,168.58420000
-65.80722186,168.58420000
-65.76722186,164.17430000
-65.72722186,164.17430000
-65.68722186,164.17430000
-65.64722186,164.17430000
-65.60722186,159.76440000
-65.56722186,159.76440000
-65.52722186,159.76440000
-65.48722186,155.35450000
-65.44722186,155.35450000
-65.40722186,150.94450000
-65.36722186,146.53460000
-65.32722186,150.94450000
-65.28722187,146.53460000
-65.24722187,146.53460000
-65.20722187,146.53460000
-65.16722187,146.53460000
-65.12722187,146.53460000
-65.08722187,142.10940000
-65.04722187,137.69950000
-65.00722187,137.69950000
-64.96722187,133.28960000
-64.92722187,133.28960000
-64.88722187,128.87970000
-64.84722187,128.87970000
-64.80722187,128.87970000
-64.76722187,128.87970000
-64.72722187,128.87970000
-64.68722187,124.46970000
-64.64722187,124.46970000
-64.60722187,120.05980000
-64.56722187,120.05980000
-64.52722187,115.64990000
-64.48722187,111.24000000
-64.44722187,111.24000000
-64.40722187,111.24000000
-64.36722187,111.24000000
-64.32722187,106.83000000
-64.28722187,106.83000000
-64.24722187,106.83000000
-64.20722187,102.42010000
-64.16722187,97.99493000
-64.12722187,97.99493000
-64.08722187,93.58500000
-64.04722187,93.58500000
-64.00722187,93.58500000
-63.96722187,89.17508000
-63.92722187,89.17508000
-63.88722187,89.17508000
-63.84722187,84.76515000
-63.80722187,84.76515000
-63.76722187,80.35523000
-63.72722187,80.35523000
-63.68722187,75.94530000
-63.64722188,75.94530000
-63.60722188,75.94530000
-63.56722188,71.53539000
-63.52722188,71.53539000
-63.48722188,67.12546000
-63.44722188,67.12546000
-63.40722188,62.71553000
-63.36722188,58.30561000
-63.32722188,58.30561000
-63.28722188,58.30561000
-63.24722188,53.89569000
-63.20722188,53.89569000
-63.16722188,53.89569000
-63.12722188,49.47050000
-63.08722188,49.47050000
-63.04722188,45.06058000
-63.00722188,40.65065000
-62.96722188,40.65065000
-62.92722188,40.65065000
-62.88722188,36.24073000
-62.84722188,36.24073000
-62.80722188,31.83080000
-62.76722188,27.42088000
-62.72722188,27.42088000
-62.68722188,23.01095000
-62.64722188,23.01095000
-62.60722188,23.01095000
-62.56722188,23.01095000
-62.52722188,18.60103000
-62.48722188,14.19111000
-62.44722188,14.19111000
-62.40722188,9.78118100
-62.36722188,9.78118100
-62.32722188,5.37125700
-62.28722188,5.37125700
-62.24722188,5.37125700
-62.20722188,0.96133300
-62.16722188,0.96133300
-62.12722188,-3.44859100
-62.08722188,-7.85851600
-62.04722188,-7.85851600
-62.00722189,-12.26844000
-61.96722189,-12.26844000
-61.92722189,-12.26844000
-61.88722189,-16.67836000
-61.84722189,-16.67836000
-61.80722189,-21.08829000
-61.76722189,-21.08829000
-61.72722189,-25.49821000
-61.68722189,-29.90814000
-61.64722189,-29.90814000
-61.60722189,-29.90814000
-61.56722189,-34.31806000
-61.52722189,-34.31806000
-61.48722189,-38.72799000
-61.44722189,-38.72799000
-61.40722189,-43.15317000
-61.36722189,-47.56310000
-61.32722189,-47.56310000
-61.28722189,-47.56310000
-61.24722189,-51.97302000
-61.20722189,-51.97302000
-61.16722189,-51.97302000
-61.12722189,-51.97302000
-61.08722189,-56.38294000
-61.04722189,-60.79287000
-61.00722189,-60.79287000
-60.96722189,-65.20279000
-60.92722189,-65.20279000
-60.88722189,-65.20279000
-60.84722189,-65.20279000
-60.80722189,-69.61272000
-60.76722189,-69.61272000
-60.72722189,-78.43256000
-60.68722189,-78.43256000
-60.64722189,-82.84248000
-60.60722189,-82.84248000
-60.56722189,-82.84248000
-60.52722189,-82.84248000
-60.48722189,-87.25241000
-60.44722189,-87.25241000
-60.40722189,-91.67760000
-60.36722190,-91.67760000
-60.32722190,-96.08752000
-60.28722190,-96.08752000
-60.24722190,-96.08752000
-60.20722190,-100.49750000
-60.16722190,-100.49750000
-60.12722190,-104.90740000
-60.08722190,-104.90740000
-60.04722190,-104.90740000
-60.00722190,-109.31730000
-59.96722190,-109.31730000
-59.92722190,-113.72720000
-59.88722190,-118.13710000
-59.84722190,-118.13710000
-59.80722190,-118.13710000
-59.76722190,-118.13710000
-59.72722190,-122.54710000
-59.68722190,-122.54710000
-59.64722190,-122.54710000
-59.60722190,-122.54710000
-59.56722190,-126.95700000
-59.52722190,-131.36690000
-59.48722190,-131.36690000
-59.44722190,-135.79210000
-59.40722190,-135.79210000
-59.36722190,-135.79210000
-59.32722190,-135.79210000
-59.28722190,-135.79210000
-59.24722190,-140.20200000
-59.20722190,-140.20200000
-59.16722190,-140.20200000
-59.12722190,-144.61190000
-59.08722190,-149.02190000
-59.04722190,-149.02190000
-59.00722190,-149.02190000
-58.96722190,-153.43180000
-58.92722190,-153.43180000
-58.88722190,-153.43180000
-58.84722190,-153.43180000
-58.80722190,-153.43180000
-58.76722190,-153.43180000
-58.72722191,-157.84170000
-58.68722191,-157.84170000
-58.64722191,-157.84170000
-58.60722191,-162.25160000
-58.56722191,-162.25160000
-58.52722191,-162.25160000
-58.48722191,-171.07150000
-58.44722191,-171.07150000
-58.40722191,-166.66160000
-58.36722191,-171.07150000
-58.32722191,-171.07150000
-58.28722191,-171.07150000
-58.24722191,-171.07150000
-58.20722191,-175.48140000
-58.16722191,-175.48140000
-58.12722191,-175.48140000
-58.08722191,-175.48140000
-58.04722191,-175.48140000
-58.00722191,-179.89130000
-57.96722191,-179.89130000
-57.92722191,-184.31650000
-57.88722191,-184.31650000
-57.84722191,-184.31650000
-57.80722191,-184.31650000
-57.76722191,-184.31650000
-57.72722191,-184.31650000
-57.68722191,-188.72640000
-57.64722191,-188.72640000
-57.60722191,-188.72640000
-57.56722191,-188.72640000
-57.52722191,-188.72640000
-57.48722191,-188.72640000
-57.44722191,-193.13640000
-57.40722191,-193.13640000
-57.36722191,-193.13640000
-57.32722191,-193.13640000
-57.28722191,-193.13640000
-57.24722191,-193.13640000
-57.20722191,-193.13640000
-57.16722191,-197.54630000
-57.12722191,-197.54630000
-57.08722191,-193.13640000
-57.04722192,-197.54630000
-57.00722192,-197.54630000
-56.96722192,-197.54630000
-56.92722192,-197.54630000
-56.88722192,-197.54630000
-56.84722192,-197.54630000
-56.80722192,-197.54630000
-56.76722192,-201.95620000
-56.72722192,-201.95620000
-56.68722192,-201.95620000
-56.64722192,-201.95620000
-56.60722192,-201.95620000
-56.56722192,-201.95620000
-56.52722192,-206.36610000
-56.48722192,-201.95620000
-56.44722192,-201.95620000
-56.40722192,-206.36610000
-56.36722192,-206.36610000
-56.32722192,-206.36610000
-56.28722192,-206.36610000
-56.24722192,-206.36610000
-56.20722192,-206.36610000
-56.16722192,-201.95620000
-56.12722192,-206.36610000
-56.08722192,-206.36610000
-56.04722192,-206.36610000
-56.00722192,-201.95620000
-55.96722192,-206.36610000
-55.92722192,-206.36610000
-55.88722192,-201.95620000
-55.84722192,-201.95620000
-55.80722192,-206.36610000
-55.76722192,-206.36610000
-55.72722192,-201.95620000
-55.68722192,-206.36610000
-55.64722192,-201.95620000
-55.60722192,-201.95620000
-55.56722192,-201.95620000
-55.52722192,-201.95620000
-55.48722192,-201.95620000
-55.44722192,-201.95620000
-55.40722193,-201.95620000
-55.36722193,-201.95620000
-55.32722193,-197.54630000
-55.28722193,-201.95620000
-55.24722193,-201.95620000
-55.20722193,-201.95620000
-55.16722193,-201.95620000
-55.12722193,-197.54630000
-55.08722193,-197.54630000
-55.04722193,-197.54630000
-55.00722193,-197.54630000
-54.96722193,-197.54630000
-54.92722193,-193.13640000
-54.88722193,-193.13640000
-54.84722193,-193.13640000
-54.80722193,-193.13640000
-54.76722193,-193.13640000
-54.72722193,-193.13640000
-54.68722193,-193.13640000
-54.64722193,-193.13640000
-54.60722193,-188.72640000
-54.56722193,-188.72640000
-54.52722193,-188.72640000
-54.48722193,-188.72640000
-54.44722193,-188.72640000
-54.40722193,-188.72640000
-54.36722193,-188.72640000
-54.32722193,-184.31650000
-54.28722193,-184.31650000
-54.24722193,-184.31650000
-54.20722193,-184.31650000
-54.16722193,-184.31650000
-54.12722193,-179.89130000
-54.08722193,-175.48140000
-54.04722193,-175.48140000
-54.00722193,-175.48140000
-53.96722193,-175.48140000
-53.92722193,-175.48140000
-53.88722193,-175.48140000
-53.84722193,-171.07150000
-53.80722193,-171.07150000
-53.76722194,-171.07150000
-53.72722194,-171.07150000
-53.68722194,-171.07150000
-53.64722194,-171.07150000
-53.60722194,-166.66160000
-53.56722194,-162.25160000
-53.52722194,-162.25160000
-53.48722194,-162.25160000
-53.44722194,-162.25160000
-53.40722194,-157.84170000
-53.36722194,-157.84170000
-53.32722194,-157.84170000
-53.28722194,-153.43180000
-53.24722194,-153.43180000
-53.20722194,-153.43180000
-53.16722194,-153.43180000
-53.12722194,-149.02190000
-53.08722194,-149.02190000
-53.04722194,-149.02190000
-53.00722194,-149.02190000
-52.96722194,-144.61190000
-52.92722194,-140.20200000
-52.88722194,-140.20200000
-52.84722194,-140.20200000
-52.80722194,-135.79210000
-52.76722194,-135.79210000
-52.72722194,-135.79210000
-52.68722194,-135.79210000
-52.64722194,-131.36690000
-52.60722194,-131.36690000
-52.56722194,-131.36690000
-52.52722194,-126.95700000
-52.48722194,-122.54710000
-52.44722194,-122.54710000
-52.40722194,-122.54710000
-52.36722194,-118.13710000
-52.32722194,-118.13710000
-52.28722194,-118.13710000
-52.24722194,-113.72720000
-52.20722194,-113.72720000
-52.16722194,-113.72720000
-52.12722195,-109.31730000
-52.08722195,-109.31730000
-52.04722195,-104.90740000
-52.00722195,-100.49750000
-51.96722195,-100.49750000
-51.92722195,-100.49750000
-51.88722195,-100.49750000
-51.84722195,-96.08752000
-51.80722195,-96.08752000
-51.76722195,-96.08752000
-51.72722195,-91.67760000
-51.68722195,-87.25241000
-51.64722195,-87.25241000
-51.60722195,-87.25241000
-51.56722195,-82.84248000
-51.52722195,-82.84248000
-51.48722195,-82.84248000
-51.44722195,-78.43256000
-51.40722195,-78.43256000
-51.36722195,-78.43256000
-51.32722195,-69.61272000
-51.28722195,-69.61272000
-51.24722195,-69.61272000
-51.20722195,-65.20279000
-51.16722195,-65.20279000
-51.12722195,-65.20279000
-51.08722195,-60.79287000
-51.04722195,-60.79287000
-51.00722195,-60.79287000
-50.96722195,-51.97302000
-50.92722195,-51.97302000
-50.88722195,-51.97302000
-50.84722195,-47.56310000
-50.80722195,-47.56310000
-50.76722195,-47.56310000
-50.72722195,-43.15317000
-50.68722195,-43.15317000
-50.64722195,-38.72799000
-50.60722195,-34.31806000
-50.56722195,-34.31806000
-50.52722195,-34.31806000
-50.48722196,-29.90814000
-50.44722196,-29.90814000
-50.40722196,-29.90814000
-50.36722196,-21.08829000
-50.32722196,-21.08829000
-50.28722196,-16.67836000
-50.24722196,-16.67836000
-50.20722196,-16.67836000
-50.16722196,-12.26844000
-50.12722196,-12.26844000
-50.08722196,-12.26844000
-50.04722196,-7.85851600
-50.00722196,-7.85851600
-49.96722196,-3.44859100
-49.92722196,0.96133300
-49.88722196,0.96133300
-49.84722196,0.96133300
-49.80722196,5.37125700
-49.76722196,5.37125700
-49.72722196,5.37125700
-49.68722196,9.78118100
-49.64722196,14.19111000
-49.60722196,14.19111000
-49.56722196,18.60103000
-49.52722196,23.01095000
-49.48722196,23.01095000
-49.44722196,23.01095000
-49.40722196,27.42088000
-49.36722196,27.42088000
-49.32722196,31.83080000
-49.28722196,36.24073000
-49.24722196,36.24073000
-49.20722196,36.24073000
-49.16722196,40.65065000
-49.12722196,40.65065000
-49.08722196,40.65065000
-49.04722196,45.06058000
-49.00722196,45.06058000
-48.96722196,49.47050000
-48.92722196,53.89569000
-48.88722196,53.89569000
-48.84722197,58.30561000
-48.80722197,58.30561000
-48.76722197,58.30561000
-48.72722197,62.71553000
-48.68722197,62.71553000
-48.64722197,67.12546000
-48.60722197,67.12546000
-48.56722197,71.53539000
-48.52722197,75.94530000
-48.48722197,71.53539000
-48.44722197,75.94530000
-48.40722197,75.94530000
-48.36722197,75.94530000
-48.32722197,80.35523000
-48.28722197,84.76515000
-48.24722197,84.76515000
-48.20722197,89.17508000
-48.16722197,89.17508000
-48.12722197,89.17508000
-48.08722197,93.58500000
-48.04722197,93.58500000
-48.00722197,93.58500000
-47.96722197,97.99493000
-47.92722197,97.99493000
-47.88722197,102.42010000
-47.84722197,106.83000000
-47.80722197,106.83000000
-47.76722197,106.83000000
-47.72722197,111.24000000
-47.68722197,111.24000000
-47.64722197,111.24000000
-47.60722197,115.64990000
-47.56722197,115.64990000
-47.52722197,120.05980000
-47.48722197,120.05980000
-47.44722197,124.46970000
-47.40722197,124.46970000
-47.36722197,124.46970000
-47.32722197,128.87970000
-47.28722197,128.87970000
-47.24722197,128.87970000
-47.20722198,133.28960000
-47.16722198,133.28960000
-47.12722198,133.28960000
-47.08722198,137.69950000
-47.04722198,142.10940000
-47.00722198,142.10940000
-46.96722198,142.10940000
-46.92722198,146.53460000
-46.88722198,146.53460000
-46.84722198,146.53460000
-46.80722198,146.53460000
-46.76722198,150.94450000
-46.72722198,150.94450000
-46.68722198,150.94450000
-46.64722198,155.35450000
-46.60722198,155.35450000
-46.56722198,159.76440000
-46.52722198,159.76440000
-46.48722198,164.17430000
-46.44722198,164.17430000
-46.40722198,164.17430000
-46.36722198,164.17430000
-46.32722198,164.17430000
-46.28722198,168.58420000
-46.24722198,164.17430000
-46.20722198,168.58420000
-46.16722198,168.58420000
-46.12722198,172.99420000
-46.08722198,177.40410000
-46.04722198,177.40410000
-46.00722198,177.40410000
-45.96722198,177.40410000
-45.92722198,181.81400000
-45.88722198,181.81400000
-45.84722198,181.81400000
-45.80722198,181.81400000
-45.76722198,181.81400000
-45.72722198,186.22390000
-45.68722198,181.81400000
-45.64722198,186.22390000
-45.60722198,186.22390000
-45.56722199,190.63390000
-45.52722199,190.63390000
-45.48722199,190.63390000
-45.44722199,195.05900000
-45.40722199,195.05900000
-45.36722199,195.05900000
-45.32722199,195.05900000
-45.28722199,199.46900000
-45.24722199,195.05900000
-45.20722199,199.46900000
-45.16722199,199.46900000
-45.12722199,199.46900000
-45.08722199,199.46900000
-45.04722199,199.46900000
-45.00722199,199.46900000
-44.96722199,203.87890000
-44.92722199,203.87890000
-44.88722199,203.87890000
-44.84722199,203.87890000
-44.80722199,203.87890000
-44.76722199,203.87890000
-44.72722199,203.87890000
-44.68722199,208.28880000
-44.64722199,208.28880000
-44.60722199,203.87890000
-44.56722199,208.28880000
-44.52722199,212.69870000
-44.48722199,212.69870000
-44.44722199,212.69870000
-44.40722199,212.69870000
-44.36722199,212.69870000
-44.32722199,212.69870000
-44.28722199,212.69870000
-44.24722199,212.69870000
-44.20722199,212.69870000
-44.16722199,212.69870000
-44.12722199,212.69870000
-44.08722199,212.69870000
-44.04722199,212.69870000
-44.00722199,212.69870000
-43.96722199,217.10870000
-43.92722199,212.69870000
-43.88722200,217.10870000
-43.84722200,212.69870000
-43.80722200,217.10870000
-43.76722200,217.10870000
-43.72722200,217.10870000
-43.68722200,217.10870000
-43.64722200,217.10870000
-43.60722200,217.10870000
-43.56722200,212.69870000
-43.52722200,217.10870000
-43.48722200,217.10870000
-43.44722200,217.10870000
-43.40722200,217.10870000
-43.36722200,217.10870000
-43.32722200,217.10870000
-43.28722200,217.10870000
-43.24722200,212.69870000
-43.20722200,217.10870000
-43.16722200,217.10870000
-43.12722200,217.10870000
-43.08722200,217.10870000
-43.04722200,212.69870000
-43.00722200,212.69870000
-42.96722200,212.69870000
-42.92722200,212.69870000
-42.88722200,212.69870000
-42.84722200,212.69870000
-42.80722200,212.69870000
-42.76722200,212.69870000
-42.72722200,212.69870000
-42.68722200,212.69870000
-42.64722200,208.28880000
-42.60722200,208.28880000
-42.56722200,208.28880000
-42.52722200,212.69870000
-42.48722200,203.87890000
-42.44722200,203.87890000
-42.40722200,208.28880000
-42.36722200,203.87890000
-42.32722200,203.87890000
-42.28722200,203.87890000
-42.24722201,203.87890000
-42.20722201,199.46900000
-42.16722201,203.87890000
-42.12722201,199.46900000
-42.08722201,199.46900000
-42.04722201,199.46900000
-42.00722201,199.46900000
-41.96722201,199.46900000
-41.92722201,199.46900000
-41.88722201,195.05900000
-41.84722201,199.46900000
-41.80722201,195.05900000
-41.76722201,195.05900000
-41.72722201,195.05900000
-41.68722201,195.05900000
-41.64722201,195.05900000
-41.60722201,195.05900000
-41.56722201,190.63390000
-41.52722201,190.63390000
-41.48722201,186.22390000
-41.44722201,186.22390000
-41.40722201,181.81400000
-41.36722201,181.81400000
-41.32722201,181.81400000
-41.28722201,181.81400000
-41.24722201,181.81400000
-41.20722201,181.81400000
-41.16722201,181.81400000
-41.12722201,181.81400000
-41.08722201,177.40410000
-41.04722201,177.40410000
-41.00722201,177.40410000
-40.96722201,172.99420000
-40.92722201,168.58420000
-40.88722201,168.58420000
-40.84722201,164.17430000
-40.80722201,164.17430000
-40.76722201,164.17430000
-40.72722201,164.17430000
-40.68722201,164.17430000
-40.64722201,164.17430000
-40.60722202,159.76440000
-40.56722202,159.76440000
-40.52722202,159.76440000
-40.48722202,155.35450000
-40.44722202,155.35450000
-40.40722202,155.35450000
-40.36722202,150.94450000
-40.32722202,146.53460000
-40.28722202,146.53460000
-40.24722202,146.53460000
-40.20722202,146.53460000
-40.16722202,146.53460000
-40.12722202,142.10940000
-40.08722202,142.10940000
-40.04722202,142.10940000
-40.00722202,137.69950000
-39.96722202,133.28960000
-39.92722202,137.69950000
-39.88722202,133.28960000
-39.84722202,128.87970000
-39.80722202,128.87970000
-39.76722202,128.87970000
-39.72722202,128.87970000
-39.68722202,124.46970000
-39.64722202,124.46970000
-39.60722202,120.05980000
-39.56722202,115.64990000
-39.52722202,115.64990000
-39.48722202,111.24000000
-39.44722202,111.24000000
-39.40722202,111.24000000
-39.36722202,111.24000000
-39.32722202,106.83000000
-39.28722202,106.83000000
-39.24722202,106.83000000
-39.20722202,97.99493000
-39.16722202,97.99493000
-39.12722202,97.99493000
-39.08722202,93.58500000
-39.04722202,93.58500000
-39.00722202,93.58500000
-38.96722203,93.58500000
-38.92722203,89.17508000
-38.88722203,89.17508000
-38.84722203,89.17508000
-38.80722203,84.76515000
-38.76722203,80.35523000
-38.72722203,75.94530000
-38.68722203,75.94530000
-38.64722203,75.94530000
-38.60722203,75.94530000
-38.56722203,71.53539000
-38.52722203,67.12546000
-38.48722203,71.53539000
-38.44722203,62.71553000
-38.40722203,62.71553000
-38.36722203,58.30561000
-38.32722203,58.30561000
-38.28722203,53.89569000
-38.24722203,58.30561000
-38.20722203,53.89569000
-38.16722203,49.47050000
-38.12722203,49.47050000
-38.08722203,45.06058000
-38.04722203,45.06058000
-38.00722203,40.65065000
-37.96722203,40.65065000
-37.92722203,40.65065000
-37.88722203,40.65065000
-37.84722203,36.24073000
-37.80722203,36.24073000
-37.76722203,27.42088000
-37.72722203,27.42088000
-37.68722203,23.01095000
-37.64722203,23.01095000
-37.60722203,23.01095000
-37.56722203,23.01095000
-37.52722203,18.60103000
-37.48722203,18.60103000
-37.44722203,14.19111000
-37.40722203,9.78118100
-37.36722203,5.37125700
-37.32722204,5.37125700
-37.28722204,5.37125700
-37.24722204,5.37125700
-37.20722204,0.96133300
-37.16722204,0.96133300
-37.12722204,-3.44859100
-37.08722204,-7.85851600
-37.04722204,-7.85851600
-37.00722204,-12.26844000
-36.96722204,-12.26844000
-36.92722204,-12.26844000
-36.88722204,-12.26844000
-36.84722204,-16.67836000
-36.80722204,-21.08829000
-36.76722204,-21.08829000
-36.72722204,-21.08829000
-36.68722204,-29.90814000
-36.64722204,-29.90814000
-36.60722204,-29.90814000
-36.56722204,-34.31806000
-36.52722204,-34.31806000
-36.48722204,-34.31806000
-36.44722204,-38.72799000
-36.40722204,-43.15317000
-36.36722204,-47.56310000
-36.32722204,-47.56310000
-36.28722204,-47.56310000
-36.24722204,-47.56310000
-36.20722204,-51.97302000
-36.16722204,-51.97302000
-36.12722204,-56.38294000
-36.08722204,-60.79287000
-36.04722204,-60.79287000
-36.00722204,-65.20279000
-35.96722204,-65.20279000
-35.92722204,-65.20279000
-35.88722204,-65.20279000
-35.84722204,-69.61272000
-35.80722204,-69.61272000
-35.76722204,-74.02264000
-35.72722204,-78.43256000
-35.68722205,-78.43256000
-35.64722205,-78.43256000
-35.60722205,-82.84248000
-35.56722205,-82.84248000
-35.52722205,-82.84248000
-35.48722205,-82.84248000
-35.44722205,-87.25241000
-35.40722205,-87.25241000
-35.36722205,-91.67760000
-35.32722205,-96.08752000
-35.28722205,-100.49750000
-35.24722205,-96.08752000
-35.20722205,-100.49750000
-35.16722205,-100.49750000
-35.12722205,-100.49750000
-35.08722205,-104.90740000
-35.04722205,-104.90740000
-35.00722205,-109.31730000
-34.96722205,-113.72720000
-34.92722205,-113.72720000
-34.88722205,-113.72720000
-34.84722205,-118.13710000
-34.80722205,-118.13710000
-34.76722205,-118.13710000
-34.72722205,-122.54710000
-34.68722205,-122.54710000
-34.64722205,-122.54710000
-34.60722205,-122.54710000
-34.56722205,-126.95700000
-34.52722205,-131.36690000
-34.48722205,-135.79210000
-34.44722205,-131.36690000
-34.40722205,-135.79210000
-34.36722205,-135.79210000
-34.32722205,-135.79210000
-34.28722205,-140.20200000
-34.24722205,-140.20200000
-34.20722205,-140.20200000
-34.16722205,-140.20200000
-34.12722205,-144.61190000
-34.08722205,-149.02190000
-34.04722206,-149.02190000
-34.00722206,-149.02190000
-33.96722206,-153.43180000
-33.92722206,-153.43180000
-33.88722206,-153.43180000
-33.84722206,-153.43180000
-33.80722206,-153.43180000
-33.76722206,-157.84170000
-33.72722206,-157.84170000
-33.68722206,-162.25160000
-33.64722206,-157.84170000
-33.60722206,-162.25160000
-33.56722206,-162.25160000
-33.52722206,-166.66160000
-33.48722206,-166.66160000
-33.44722206,-171.07150000
-33.40722206,-171.07150000
-33.36722206,-171.07150000
-33.32722206,-171.07150000
-33.28722206,-171.07150000
-33.24722206,-171.07150000
-33.20722206,-175.48140000
-33.16722206,-175.48140000
-33.12722206,-175.48140000
-33.08722206,-179.89130000
-33.04722206,-179.89130000
-33.00722206,-179.89130000
-32.96722206,-179.89130000
-32.92722206,-184.31650000
-32.88722206,-184.31650000
-32.84722206,-184.31650000
-32.80722206,-184.31650000
-32.76722206,-184.31650000
-32.72722206,-184.31650000
-32.68722206,-188.72640000
-32.64722206,-188.72640000
-32.60722206,-188.72640000
-32.56722206,-188.72640000
-32.52722206,-188.72640000
-32.48722206,-188.72640000
-32.44722206,-188.72640000
-32.40722206,-193.13640000
-32.36722207,-193.13640000
-32.32722207,-193.13640000
-32.28722207,-193.13640000
-32.24722207,-193.13640000
-32.20722207,-197.54630000
-32.16722207,-197.54630000
-32.12722207,-193.13640000
-32.08722207,-197.54630000
-32.04722207,-197.54630000
-32.00722207,-201.95620000
-31.96722207,-197.54630000
-31.92722207,-201.95620000
-31.88722207,-201.95620000
-31.84722207,-197.54630000
-31.80722207,-201.95620000
-31.76722207,-201.95620000
-31.72722207,-201.95620000
-31.68722207,-201.95620000
-31.64722207,-201.95620000
-31.60722207,-201.95620000
-31.56722207,-201.95620000
-31.52722207,-206.36610000
-31.48722207,-201.95620000
-31.44722207,-206.36610000
-31.40722207,-206.36610000
-31.36722207,-201.95620000
-31.32722207,-201.95620000
-31.28722207,-206.36610000
-31.24722207,-206.36610000
-31.20722207,-206.36610000
-31.16722207,-206.36610000
-31.12722207,-206.36610000
-31.08722207,-206.36610000
-31.04722207,-206.36610000
-31.00722207,-206.36610000
-30.96722207,-206.36610000
-30.92722207,-206.36610000
-30.88722207,-206.36610000
-30.84722207,-201.95620000
-30.80722207,-206.36610000
-30.76722207,-206.36610000
-30.72722208,-201.95620000
-30.68722208,-206.36610000
-30.64722208,-201.95620000
-30.60722208,-201.95620000
-30.56722208,-201.95620000
-30.52722208,-201.95620000
-30.48722208,-201.95620000
-30.44722208,-201.95620000
-30.40722208,-201.95620000
-30.36722208,-201.95620000
-30.32722208,-201.95620000
-30.28722208,-201.95620000
-30.24722208,-201.95620000
-30.20722208,-201.95620000
-30.16722208,-197.54630000
-30.12722208,-197.54630000
-30.08722208,-197.54630000
-30.04722208,-197.54630000
-30.00722208,-197.54630000
-29.96722208,-193.13640000
-29.92722208,-197.54630000
-29.88722208,-193.13640000
-29.84722208,-193.13640000
-29.80722208,-193.13640000
-29.76722208,-193.13640000
-29.72722208,-193.13640000
-29.68722208,-188.72640000
-29.64722208,-188.72640000
-29.60722208,-188.72640000
-29.56722208,-188.72640000
-29.52722208,-188.72640000
-29.48722208,-188.72640000
-29.44722208,-188.72640000
-29.40722208,-188.72640000
-29.36722208,-188.72640000
-29.32722208,-188.72640000
-29.28722208,-184.31650000
-29.24722208,-184.31650000
-29.20722208,-184.31650000
-29.16722208,-179.89130000
-29.12722208,-179.89130000
-29.08722209,-179.89130000
-29.04722209,-179.89130000
-29.00722209,-175.48140000
-28.96722209,-175.48140000
-28.92722209,-171.07150000
-28.88722209,-175.48140000
-28.84722209,-171.07150000
-28.80722209,-171.07150000
-28.76722209,-171.07150000
-28.72722209,-171.07150000
-28.68722209,-166.66160000
-28.64722209,-171.07150000
-28.60722209,-166.66160000
-28.56722209,-166.66160000
-28.52722209,-166.66160000
-28.48722209,-162.25160000
-28.44722209,-162.25160000
-28.40722209,-157.84170000
-28.36722209,-157.84170000
-28.32722209,-153.43180000
-28.28722209,-153.43180000
-28.24722209,-153.43180000
-28.20722209,-153.43180000
-28.16722209,-153.43180000
-28.12722209,-153.43180000
-28.08722209,-149.02190000
-28.04722209,-149.02190000
-28.00722209,-144.61190000
-27.96722209,-144.61190000
-27.92722209,-140.20200000
-27.88722209,-140.20200000
-27.84722209,-140.20200000
-27.80722209,-140.20200000
-27.76722209,-135.79210000
-27.72722209,-135.79210000
-27.68722209,-135.79210000
-27.64722209,-135.79210000
-27.60722209,-131.36690000
-27.56722209,-131.36690000
-27.52722209,-126.95700000
-27.48722209,-122.54710000
-27.44722210,-122.54710000
-27.40722210,-122.54710000
-27.36722210,-118.13710000
-27.32722210,-118.13710000
-27.28722210,-118.13710000
-27.24722210,-118.13710000
-27.20722210,-113.72720000
-27.16722210,-113.72720000
-27.12722210,-109.31730000
-27.08722210,-109.31730000
-27.04722210,-104.90740000
-27.00722210,-104.90740000
-26.96722210,-100.49750000
-26.92722210,-100.49750000
-26.88722210,-100.49750000
-26.84722210,-96.08752000
-26.80722210,-100.49750000
-26.76722210,-96.08752000
-26.72722210,-87.25241000
-26.68722210,-87.25241000
-26.64722210,-87.25241000
-26.60722210,-82.84248000
-26.56722210,-82.84248000
-26.52722210,-82.84248000
-26.48722210,-82.84248000
-26.44722210,-78.43256000
-26.40722210,-78.43256000
-26.36722210,-74.02264000
-26.32722210,-74.02264000
-26.28722210,-69.61272000
-26.24722210,-69.61272000
-26.20722210,-65.20279000
-26.16722210,-65.20279000
-26.12722210,-65.20279000
-26.08722210,-60.79287000
-26.04722210,-60.79287000
-26.00722210,-56.38294000
-25.96722210,-51.97302000
-25.92722210,-51.97302000
-25.88722210,-51.97302000
-25.84722210,-47.56310000
-25.80722211,-47.56310000
-25.76722211,-47.56310000
-25.72722211,-43.15317000
-25.68722211,-43.15317000
-25.64722211,-38.72799000
-25.60722211,-34.31806000
-25.56722211,-34.31806000
-25.52722211,-34.31806000
-25.48722211,-29.90814000
-25.44722211,-29.90814000
-25.40722211,-25.49821000
-25.36722211,-25.49821000
-25.32722211,-21.08829000
-25.28722211,-21.08829000
-25.24722211,-16.67836000
-25.20722211,-16.67836000
-25.16722211,-12.26844000
-25.12722211,-12.26844000
-25.08722211,-7.85851600
-25.04722211,-7.85851600
-25.00722211,-3.44859100
-24.96722211,-3.44859100
-24.92722211,0.96133300
-24.88722211,0.96133300
-24.84722211,5.37125700
-24.80722211,5.37125700
-24.76722211,5.37125700
-24.72722211,9.78118100
-24.68722211,9.78118100
-24.64722211,14.19111000
-24.60722211,18.60103000
-24.56722211,18.60103000
-24.52722211,23.01095000
-24.48722211,23.01095000
-24.44722211,23.01095000
-24.40722211,23.01095000
-24.36722211,31.83080000
-24.32722211,31.83080000
-24.28722211,36.24073000
-24.24722211,36.24073000
-24.20722211,36.24073000
-24.16722212,40.65065000
-24.12722212,40.65065000
-24.08722212,40.65065000
-24.04722212,45.06058000
-24.00722212,49.47050000
-23.96722212,49.47050000
-23.92722212,53.89569000
-23.88722212,53.89569000
-23.84722212,53.89569000
-23.80722212,58.30561000
-23.76722212,58.30561000
-23.72722212,62.71553000
-23.68722212,62.71553000
-23.64722212,67.12546000
-23.60722212,71.53539000
-23.56722212,71.53539000
-23.52722212,75.94530000
-23.48722212,75.94530000
-23.44722212,75.94530000
-23.40722212,75.94530000
-23.36722212,80.35523000
-23.32722212,80.35523000
-23.28722212,84.76515000
-23.24722212,84.76515000
-23.20722212,89.17508000
-23.16722212,89.17508000
-23.12722212,93.58500000
-23.08722212,93.58500000
-23.04722212,93.58500000
-23.00722212,93.58500000
-22.96722212,97.99493000
-22.92722212,97.99493000
-22.88722212,102.42010000
-22.84722212,106.83000000
-22.80722212,106.83000000
-22.76722212,111.24000000
-22.72722212,111.24000000
-22.68722212,111.24000000
-22.64722212,111.24000000
-22.60722212,111.24000000
-22.56722212,115.64990000
-22.52722213,120.05980000
-22.48722213,124.46970000
-22.44722213,124.46970000
-22.40722213,124.46970000
-22.36722213,128.87970000
-22.32722213,128.87970000
-22.28722213,128.87970000
-22.24722213,133.28960000
-22.20722213,133.28960000
-22.16722213,133.28960000
-22.12722213,133.28960000
-22.08722213,142.10940000
-22.04722213,142.10940000
-22.00722213,142.10940000
-21.96722213,142.10940000
-21.92722213,146.53460000
-21.88722213,146.53460000
-21.84722213,146.53460000
-21.80722213,146.53460000
-21.76722213,146.53460000
-21.72722213,150.94450000
-21.68722213,155.35450000
-21.64722213,155.35450000
-21.60722213,159.76440000
-21.56722213,159.76440000
-21.52722213,159.76440000
-21.48722213,159.76440000
-21.44722213,164.17430000
-21.40722213,164.17430000
-21.36722213,164.17430000
-21.32722213,164.17430000
-21.28722213,164.17430000
-21.24722213,168.58420000
-21.20722213,168.58420000
-21.16722213,168.58420000
-21.12722213,172.99420000
-21.08722213,177.40410000
-21.04722213,177.40410000
-21.00722213,177.40410000
-20.96722213,177.40410000
-20.92722213,181.81400000
-20.88722214,177.40410000
-20.84722214,181.81400000
-20.80722214,181.81400000
-20.76722214,181.81400000
-20.72722214,181.81400000
-20.68722214,186.22390000
-20.64722214,186.22390000
-20.60722214,186.22390000
-20.56722214,186.22390000
-20.52722214,190.63390000
-20.48722214,190.63390000
-20.44722214,195.05900000
-20.40722214,195.05900000
-20.36722214,195.05900000
-20.32722214,195.05900000
-20.28722214,195.05900000
-20.24722214,199.46900000
-20.20722214,199.46900000
-20.16722214,199.46900000
-20.12722214,199.46900000
-20.08722214,199.46900000
-20.04722214,199.46900000
-20.00722214,199.46900000
-19.96722214,199.46900000
-19.92722214,199.46900000
-19.88722214,203.87890000
-19.84722214,203.87890000
-19.80722214,203.87890000
-19.76722214,203.87890000
-19.72722214,203.87890000
-19.68722214,203.87890000
-19.64722214,208.28880000
-19.60722214,208.28880000
-19.56722214,212.69870000
-19.52722214,208.28880000
-19.48722214,212.69870000
-19.44722214,208.28880000
-19.40722214,212.69870000
-19.36722214,212.69870000
-19.32722214,212.69870000
-19.28722214,212.69870000
-19.24722214,212.69870000
-19.20722215,212.69870000
-19.16722215,212.69870000
-19.12722215,212.69870000
-19.08722215,212.69870000
-19.04722215,212.69870000
-19.00722215,212.69870000
-18.96722215,217.10870000
-18.92722215,212.69870000
-18.88722215,217.10870000
-18.84722215,217.10870000
-18.80722215,212.69870000
-18.76722215,217.10870000
-18.72722215,217.10870000
-18.68722215,217.10870000
-18.64722215,217.10870000
-18.60722215,217.10870000
-18.56722215,217.10870000
-18.52722215,217.10870000
-18.48722215,217.10870000
-18.44722215,217.10870000
-18.40722215,217.10870000
-18.36722215,217.10870000
-18.32722215,217.10870000
-18.28722215,217.10870000
-18.24722215,212.69870000
-18.20722215,217.10870000
-18.16722215,217.10870000
-18.12722215,212.69870000
-18.08722215,217.10870000
-18.04722215,212.69870000
-18.00722215,212.69870000
-17.96722215,212.69870000
-17.92722215,212.69870000
-17.88722215,212.69870000
-17.84722215,212.69870000
-17.80722215,212.69870000
-17.76722215,212.69870000
-17.72722215,212.69870000
-17.68722215,208.28880000
-17.64722215,208.28880000
-17.60722215,208.28880000
-17.56722216,208.28880000
-17.52722216,208.28880000
-17.48722216,208.28880000
-17.44722216,208.28880000
-17.40722216,203.87890000
-17.36722216,203.87890000
-17.32722216,203.87890000
-17.28722216,203.87890000
-17.24722216,203.87890000
-17.20722216,199.46900000
-17.16722216,199.46900000
-17.12722216,199.46900000
-17.08722216,199.46900000
-17.04722216,199.46900000
-17.00722216,199.46900000
-16.96722216,199.46900000
-16.92722216,199.46900000
-16.88722216,199.46900000
-16.84722216,195.05900000
-16.80722216,195.05900000
-16.76722216,195.05900000
-16.72722216,195.05900000
-16.68722216,195.05900000
-16.64722216,195.05900000
-16.60722216,190.63390000
-16.56722216,190.63390000
-16.52722216,190.63390000
-16.48722216,186.22390000
-16.44722216,186.22390000
-16.40722216,186.22390000
-16.36722216,181.81400000
-16.32722216,181.81400000
-16.28722216,181.81400000
-16.24722216,181.81400000
-16.20722216,181.81400000
-16.16722216,181.81400000
-16.12722216,177.40410000
-16.08722216,177.40410000
-16.04722216,177.40410000
-16.00722216,177.40410000
-15.96722216,177.40410000
-15.92722217,168.58420000
-15.88722217,168.58420000
-15.84722217,168.58420000
-15.80722217,164.17430000
-15.76722217,164.17430000
-15.72722217,164.17430000
-15.68722217,164.17430000
-15.64722217,164.17430000
-15.60722217,159.76440000
-15.56722217,159.76440000
-15.52722217,159.76440000
-15.48722217,155.35450000
-15.44722217,155.35450000
-15.40722217,150.94450000
-15.36722217,150.94450000
-15.32722217,146.53460000
-15.28722217,150.94450000
-15.24722217,146.53460000
-15.20722217,146.53460000
-15.16722217,142.10940000
-15.12722217,146.53460000
-15.08722217,142.10940000
-15.04722217,142.10940000
-15.00722217,137.69950000
-14.96722217,137.69950000
-14.92722217,133.28960000
-14.88722217,133.28960000
-14.84722217,128.87970000
-14.80722217,128.87970000
-14.76722217,128.87970000
-14.72722217,128.87970000
-14.68722217,124.46970000
-14.64722217,124.46970000
-14.60722217,120.05980000
-14.56722217,120.05980000
-14.52722217,115.64990000
-14.48722217,111.24000000
-14.44722217,111.24000000
-14.40722217,111.24000000
-14.36722217,111.24000000
-14.32722217,106.83000000
-14.28722218,106.83000000
-14.24722218,106.83000000
-14.20722218,97.99493000
-14.16722218,97.99493000
-14.12722218,97.99493000
-14.08722218,93.58500000
-14.04722218,93.58500000
-14.00722218,93.58500000
-13.96722218,93.58500000
-13.92722218,89.17508000
-13.88722218,89.17508000
-13.84722218,84.76515000
-13.80722218,84.76515000
-13.76722218,80.35523000
-13.72722218,80.35523000
-13.68722218,75.94530000
-13.64722218,75.94530000
-13.60722218,75.94530000
-13.56722218,71.53539000
-13.52722218,71.53539000
-13.48722218,67.12546000
-13.44722218,62.71553000
-13.40722218,62.71553000
-13.36722218,62.71553000
-13.32722218,58.30561000
-13.28722218,58.30561000
-13.24722218,58.30561000
-13.20722218,53.89569000
-13.16722218,49.47050000
-13.12722218,49.47050000
-13.08722218,45.06058000
-13.04722218,45.06058000
-13.00722218,40.65065000
-12.96722218,40.65065000
-12.92722218,40.65065000
-12.88722218,40.65065000
-12.84722218,36.24073000
-12.80722218,36.24073000
-12.76722218,27.42088000
-12.72722218,23.01095000
-12.68722218,23.01095000
-12.64722219,23.01095000
-12.60722219,23.01095000
-12.56722219,23.01095000
-12.52722219,18.60103000
-12.48722219,14.19111000
-12.44722219,14.19111000
-12.40722219,9.78118100
-12.36722219,5.37125700
-12.32722219,5.37125700
-12.28722219,5.37125700
-12.24722219,5.37125700
-12.20722219,0.96133300
-12.16722219,0.96133300
-12.12722219,0.96133300
-12.08722219,-3.44859100
-12.04722219,-7.85851600
-12.00722219,-12.26844000
-11.96722219,-12.26844000
-11.92722219,-12.26844000
-11.88722219,-16.67836000
-11.84722219,-16.67836000
-11.80722219,-16.67836000
-11.76722219,-21.08829000
-11.72722219,-25.49821000
-11.68722219,-29.90814000
-11.64722219,-29.90814000
-11.60722219,-29.90814000
-11.56722219,-34.31806000
-11.52722219,-38.72799000
-11.48722219,-38.72799000
-11.44722219,-43.15317000
-11.40722219,-43.15317000
-11.36722219,-47.56310000
-11.32722219,-47.56310000
-11.28722219,-47.56310000
-11.24722219,-47.56310000
-11.20722219,-51.97302000
-11.16722219,-51.97302000
-11.12722219,-56.38294000
-11.08722219,-60.79287000
-11.04722219,-60.79287000
-11.00722220,-65.20279000
-10.96722220,-65.20279000
-10.92722220,-65.20279000
-10.88722220,-65.20279000
-10.84722220,-69.61272000
-10.80722220,-69.61272000
-10.76722220,-74.02264000
-10.72722220,-74.02264000
-10.68722220,-78.43256000
-10.64722220,-78.43256000
-10.60722220,-78.43256000
-10.56722220,-82.84248000
-10.52722220,-82.84248000
-10.48722220,-87.25241000
-10.44722220,-87.25241000
-10.40722220,-91.67760000
-10.36722220,-91.67760000
-10.32722220,-96.08752000
-10.28722220,-96.08752000
-10.24722220,-100.49750000
-10.20722220,-100.49750000
-10.16722220,-100.49750000
-10.12722220,-100.49750000
-10.08722220,-104.90740000
-10.04722220,-104.90740000
-10.00722220,-109.31730000
-9.96722220,-109.31730000
-9.92722220,-113.72720000
-9.88722220,-113.72720000
-9.84722220,-118.13710000
-9.80722220,-118.13710000
-9.76722220,-118.13710000
-9.72722220,-118.13710000
-9.68722220,-122.54710000
-9.64722220,-122.54710000
-9.60722220,-122.54710000
-9.56722220,-126.95700000
-9.52722220,-131.36690000
-9.48722220,-131.36690000
-9.44722220,-131.36690000
-9.40722220,-135.79210000
-9.36722221,-135.79210000
-9.32722221,-135.79210000
-9.28722221,-140.20200000
-9.24722221,-140.20200000
-9.20722221,-140.20200000
-9.16722221,-140.20200000
-9.12722221,-144.61190000
-9.08722221,-144.61190000
-9.04722221,-149.02190000
-9.00722221,-149.02190000
-8.96722221,-153.43180000
-8.92722221,-153.43180000
-8.88722221,-153.43180000
-8.84722221,-157.84170000
-8.80722221,-153.43180000
-8.76722221,-153.43180000
-8.72722221,-157.84170000
-8.68722221,-157.84170000
-8.64722221,-157.84170000
-8.60722221,-162.25160000
-8.56722221,-166.66160000
-8.52722221,-162.25160000
-8.48722221,-166.66160000
-8.44722221,-171.07150000
-8.40722221,-171.07150000
-8.36722221,-171.07150000
-8.32722221,-171.07150000
-8.28722221,-171.07150000
-8.24722221,-171.07150000
-8.20722221,-175.48140000
-8.16722221,-175.48140000
-8.12722221,-175.48140000
-8.08722221,-175.48140000
-8.04722221,-175.48140000
-8.00722221,-179.89130000
-7.96722221,-179.89130000
-7.92722221,-184.31650000
-7.88722221,-184.31650000
-7.84722221,-184.31650000
-7.80722221,-184.31650000
-7.76722221,-184.31650000
-7.72722221,-188.72640000
-7.68722222,-188.72640000
-7.64722222,-188.72640000
-7.60722222,-188.72640000
-7.56722222,-188.72640000
-7.52722222,-188.72640000
-7.48722222,-188.72640000
-7.44722222,-188.72640000
-7.40722222,-188.72640000
-7.36722222,-193.13640000
-7.32722222,-193.13640000
-7.28722222,-193.13640000
-7.24722222,-193.13640000
-7.20722222,-193.13640000
-7.16722222,-193.13640000
-7.12722222,-193.13640000
-7.08722222,-193.13640000
-7.04722222,-197.54630000
-7.00722222,-197.54630000
-6.96722222,-197.54630000
-6.92722222,-197.54630000
-6.88722222,-197.54630000
-6.84722222,-201.95620000
-6.80722222,-201.95620000
-6.76722222,-201.95620000
-6.72722222,-201.95620000
-6.68722222,-201.95620000
-6.64722222,-201.95620000
-6.60722222,-201.95620000
-6.56722222,-201.95620000
-6.52722222,-206.36610000
-6.48722222,-201.95620000
-6.44722222,-201.95620000
-6.40722222,-201.95620000
-6.36722222,-201.95620000
-6.32722222,-201.95620000
-6.28722222,-206.36610000
-6.24722222,-206.36610000
-6.20722222,-206.36610000
-6.16722222,-206.36610000
-6.12722222,-206.36610000
-6.08722222,-201.95620000
-6.04722223,-206.36610000
-6.00722223,-206.36610000
-5.96722223,-206.36610000
-5.92722223,-206.36610000
-5.88722223,-206.36610000
-5.84722223,-206.36610000
-5.80722223,-206.36610000
-5.76722223,-201.95620000
-5.72722223,-206.36610000
-5.68722223,-206.36610000
-5.64722223,-206.36610000
-5.60722223,-201.95620000
-5.56722223,-201.95620000
-5.52722223,-201.95620000
-5.48722223,-201.95620000
-5.44722223,-201.95620000
-5.40722223,-201.95620000
-5.36722223,-201.95620000
-5.32722223,-201.95620000
-5.28722223,-201.95620000
-5.24722223,-201.95620000
-5.20722223,-201.95620000
-5.16722223,-201.95620000
-5.12722223,-197.54630000
-5.08722223,-197.54630000
-5.04722223,-193.13640000
-5.00722223,-197.54630000
-4.96722223,-193.13640000
-4.92722223,-193.13640000
-4.88722223,-193.13640000
-4.84722223,-193.13640000
-4.80722223,-193.13640000
-4.76722223,-193.13640000
-4.72722223,-193.13640000
-4.68722223,-193.13640000
-4.64722223,-193.13640000
-4.60722223,-193.13640000
-4.56722223,-188.72640000
-4.52722223,-188.72640000
-4.48722223,-188.72640000
-4.44722223,-188.72640000
-4.40722224,-188.72640000
-4.36722224,-188.72640000
-4.32722224,-184.31650000
-4.28722224,-184.31650000
-4.24722224,-184.31650000
-4.20722224,-184.31650000
-4.16722224,-184.31650000
-4.12722224,-179.89130000
-4.08722224,-175.48140000
-4.04722224,-175.48140000
-4.00722224,-175.48140000
-3.96722224,-175.48140000
-3.92722224,-175.48140000
-3.88722224,-175.48140000
-3.84722224,-171.07150000
-3.80722224,-171.07150000
-3.76722224,-171.07150000
-3.72722224,-171.07150000
-3.68722224,-171.07150000
-3.64722224,-166.66160000
-3.60722224,-166.66160000
-3.56722224,-166.66160000
-3.52722224,-162.25160000
-3.48722224,-157.84170000
-3.44722224,-157.84170000
-3.40722224,-157.84170000
-3.36722224,-157.84170000
-3.32722224,-157.84170000
-3.28722224,-153.43180000
-3.24722224,-153.43180000
-3.20722224,-153.43180000
-3.16722224,-153.43180000
-3.12722224,-149.02190000
-3.08722224,-149.02190000
-3.04722224,-149.02190000
-3.00722224,-149.02190000
-2.96722224,-144.61190000
-2.92722224,-140.20200000
-2.88722224,-140.20200000
-2.84722224,-140.20200000
-2.80722224,-140.20200000
-2.76722225,-135.79210000
-2.72722225,-135.79210000
-2.68722225,-135.79210000
-2.64722225,-135.79210000
-2.60722225,-131.36690000
-2.56722225,-131.36690000
-2.52722225,-126.95700000
-2.48722225,-122.54710000
-2.44722225,-122.54710000
-2.40722225,-122.54710000
-2.36722225,-122.54710000
-2.32722225,-118.13710000
-2.28722225,-118.13710000
-2.24722225,-118.13710000
-2.20722225,-113.72720000
-2.16722225,-113.72720000
-2.12722225,-109.31730000
-2.08722225,-104.90740000
-2.04722225,-104.90740000
-2.00722225,-100.49750000
-1.96722225,-100.49750000
-1.92722225,-100.49750000
-1.88722225,-100.49750000
-1.84722225,-96.08752000
-1.80722225,-96.08752000
-1.76722225,-96.08752000
-1.72722225,-91.67760000
-1.68722225,-87.25241000
-1.64722225,-87.25241000
-1.60722225,-87.25241000
-1.56722225,-82.84248000
-1.52722225,-82.84248000
-1.48722225,-78.43256000
-1.44722225,-78.43256000
-1.40722225,-78.43256000
-1.36722225,-74.02264000
-1.32722225,-69.61272000
-1.28722225,-69.61272000
-1.24722225,-69.61272000
-1.20722225,-65.20279000
-1.16722225,-65.20279000
-1.12722226,-65.20279000
-1.08722226,-65.20279000
-1.04722226,-60.79287000
-1.00722226,-56.38294000
-0.96722226,-56.38294000
-0.92722226,-51.97302000
-0.88722226,-51.97302000
-0.84722226,-47.56310000
-0.80722226,-47.56310000
-0.76722226,-43.15317000
-0.72722226,-43.15317000
-0.68722226,-43.15317000
-0.64722226,-43.15317000
-0.60722226,-34.31806000
-0.56722226,-34.31806000
-0.52722226,-34.31806000
-0.48722226,-29.90814000
-0.44722226,-29.90814000
-0.40722226,-29.90814000
-0.36722226,-25.49821000
-0.32722226,-21.08829000
-0.28722226,-16.67836000
-0.24722226,-16.67836000
-0.20722226,-16.67836000
-0.16722226,-12.26844000
-0.12722226,-12.26844000
-0.08722226,-7.85851600
-0.04722226,-7.85851600
-0.00722226,-7.85851600
0.03277774,-3.44859100
0.07277774,0.96133300
0.11277774,0.96133300
0.15277774,5.37125700
0.19277774,5.37125700
0.23277774,9.78118100
0.27277774,9.78118100
0.31277774,9.78118100
0.35277774,14.19111000
0.39277774,18.60103000
0.43277774,18.60103000
0.47277774,23.01095000
0.51277773,23.01095000
0.55277773,23.01095000
0.59277773,27.42088000
0.63277773,27.42088000
0.67277773,31.83080000
0.71277773,31.83080000
0.75277773,36.24073000
0.79277773,40.65065000
0.83277773,40.65065000
0.87277773,40.65065000
0.91277773,45.06058000
0.95277773,45.06058000
0.99277773,49.47050000
1.03277773,49.47050000
1.07277773,49.47050000
1.11277773,53.89569000
1.15277773,58.30561000
1.19277773,58.30561000
1.23277773,62.71553000
1.27277773,58.30561000
1.31277773,62.71553000
1.35277773,62.71553000
1.39277773,71.53539000
1.43277773,71.53539000
1.47277773,75.94530000
1.51277773,75.94530000
1.55277773,75.94530000
1.59277773,75.94530000
1.63277773,80.35523000
1.67277773,84.76515000
1.71277773,84.76515000
1.75277773,89.17508000
1.79277773,89.17508000
1.83277773,89.17508000
1.87277773,93.58500000
1.91277773,93.58500000
1.95277773,93.58500000
1.99277773,97.99493000
2.03277773,97.99493000
2.07277773,97.99493000
2.11277773,102.42010000
2.15277772,106.83000000
2.19277772,106.83000000
2.23277772,111.24000000
2.27277772,106.83000000
2.31277772,111.24000000
2.35277772,111.24000000
2.39277772,111.24000000
2.43277772,115.64990000
2.47277772,115.64990000
2.51277772,120.05980000
2.55277772,124.46970000
2.59277772,124.46970000
2.63277772,124.46970000
2.67277772,128.87970000
2.71277772,128.87970000
2.75277772,128.87970000
2.79277772,133.28960000
2.83277772,133.28960000
2.87277772,133.28960000
2.91277772,142.10940000
2.95277772,142.10940000
2.99277772,142.10940000
3.03277772,146.53460000
3.07277772,146.53460000
3.11277772,146.53460000
3.15277772,146.53460000
3.19277772,146.53460000
3.23277772,150.94450000
3.27277772,150.94450000
3.31277772,150.94450000
3.35277772,155.35450000
3.39277772,155.35450000
3.43277772,159.76440000
3.47277772,159.76440000
3.51277772,159.76440000
3.55277772,164.17430000
3.59277772,164.17430000
3.63277772,164.17430000
3.67277772,164.17430000
3.71277772,168.58420000
3.75277772,168.58420000
3.79277772,168.58420000
3.83277771,172.99420000
3.87277771,172.99420000
3.91277771,177.40410000
3.95277771,177.40410000
3.99277771,177.40410000
4.03277771,177.40410000
4.07277771,181.81400000
4.11277771,181.81400000
4.15277771,181.81400000
4.19277771,181.81400000
4.23277771,181.81400000
4.27277771,181.81400000
4.31277771,186.22390000
4.35277771,186.22390000
4.39277771,186.22390000
4.43277771,186.22390000
4.47277771,190.63390000
4.51277771,195.05900000
4.55277771,195.05900000
4.59277771,195.05900000
4.63277771,195.05900000
4.67277771,195.05900000
4.71277771,195.05900000
4.75277771,195.05900000
4.79277771,199.46900000
4.83277771,199.46900000
4.87277771,199.46900000
4.91277771,199.46900000
4.95277771,199.46900000
4.99277771,199.46900000
5.03277771,199.46900000
5.07277771,199.46900000
5.11277771,199.46900000
5.15277771,203.87890000
5.19277771,203.87890000
5.23277771,203.87890000
5.27277771,203.87890000
5.31277771,203.87890000
5.35277771,203.87890000
5.39277771,208.28880000
5.43277771,208.28880000
5.47277770,208.28880000
5.51277770,212.69870000
5.55277770,212.69870000
5.59277770,212.69870000
5.63277770,212.69870000
5.67277770,212.69870000
5.71277770,212.69870000
5.75277770,212.69870000
5.79277770,212.69870000
5.83277770,212.69870000
5.87277770,212.69870000
5.91277770,212.69870000
5.95277770,212.69870000
5.99277770,212.69870000
6.03277770,217.10870000
6.07277770,212.69870000
6.11277770,212.69870000
6.15277770,217.10870000
6.19277770,217.10870000
6.23277770,217.10870000
6.27277770,217.10870000
6.31277770,212.69870000
6.35277770,217.10870000
6.39277770,217.10870000
6.43277770,217.10870000
6.47277770,217.10870000
6.51277770,217.10870000
6.55277770,217.10870000
6.59277770,217.10870000
6.63277770,217.10870000
6.67277770,217.10870000
6.71277770,217.10870000
6.75277770,217.10870000
6.79277770,217.10870000
6.83277770,217.10870000
6.87277770,212.69870000
6.91277770,212.69870000
6.95277770,212.69870000
6.99277770,212.69870000
7.03277770,212.69870000
7.07277770,212.69870000
7.11277769,212.69870000
7.15277769,212.69870000
7.19277769,212.69870000
7.23277769,212.69870000
7.27277769,212.69870000
7.31277769,212.69870000
7.35277769,212.69870000
7.39277769,208.28880000
7.43277769,212.69870000
7.47277769,208.28880000
7.51277769,203.87890000
7.55277769,208.28880000
7.59277769,203.87890000
7.63277769,203.87890000
7.67277769,203.87890000
7.71277769,203.87890000
7.75277769,203.87890000
7.79277769,199.46900000
7.83277769,199.46900000
7.87277769,203.87890000
7.91277769,199.46900000
7.95277769,199.46900000
7.99277769,199.46900000
8.03277769,199.46900000
8.07277769,199.46900000
8.11277769,199.46900000
8.15277769,195.05900000
8.19277769,195.05900000
8.23277769,195.05900000
8.27277769,195.05900000
8.31277769,195.05900000
8.35277769,195.05900000
8.39277769,190.63390000
8.43277769,190.63390000
8.47277769,190.63390000
8.51277769,186.22390000
8.55277769,186.22390000
8.59277769,186.22390000
8.63277769,181.81400000
8.67277769,181.81400000
8.71277769,181.81400000
8.75277768,181.81400000
8.79277768,181.81400000
8.83277768,177.40410000
8.87277768,177.40410000
8.91277768,177.40410000
8.95277768,172.99420000
8.99277768,177.40410000
9.03277768,172.99420000
9.07277768,168.58420000
9.11277768,168.58420000
9.15277768,168.58420000
9.19277768,164.17430000
9.23277768,164.17430000
9.27277768,164.17430000
9.31277768,164.17430000
9.35277768,164.17430000
9.39277768,159.76440000
9.43277768,159.76440000
9.47277768,159.76440000
9.51277768,159.76440000
9.55277768,155.35450000
9.59277768,150.94450000
9.63277768,150.94450000
9.67277768,146.53460000
9.71277768,146.53460000
9.75277768,146.53460000
9.79277768,146.53460000
9.83277768,146.53460000
9.87277768,142.10940000
9.91277768,142.10940000
9.95277768,142.10940000
9.99277768,137.69950000
10.03277768,137.69950000
10.07277768,133.28960000
10.11277768,133.28960000
10.15277768,128.87970000
10.19277768,128.87970000
10.23277768,128.87970000
10.27277768,128.87970000
10.31277768,124.46970000
10.35277768,124.46970000
10.39277767,120.05980000
10.43277767,120.05980000
10.47277767,115.64990000
10.51277767,111.24000000
10.55277767,111.24000000
10.59277767,111.24000000
10.63277767,111.24000000
10.67277767,106.83000000
10.71277767,106.83000000
10.75277767,106.83000000
10.79277767,102.42010000
10.83277767,97.99493000
10.87277767,97.99493000
10.91277767,93.58500000
10.95277767,93.58500000
10.99277767,93.58500000
11.03277767,93.58500000
11.07277767,89.17508000
11.11277767,89.17508000
11.15277767,84.76515000
11.19277767,84.76515000
11.23277767,80.35523000
11.27277767,75.94530000
11.31277767,75.94530000
11.35277767,75.94530000
11.39277767,71.53539000
11.43277767,71.53539000
11.47277767,67.12546000
11.51277767,67.12546000
11.55277767,67.12546000
11.59277767,62.71553000
11.63277767,62.71553000
11.67277767,58.30561000
11.71277767,58.30561000
11.75277767,58.30561000
11.79277767,53.89569000
11.83277767,53.89569000
11.87277767,49.47050000
11.91277767,45.06058000
11.95277767,45.06058000
11.99277767,40.65065000
12.03277766,40.65065000
12.07277766,40.65065000
12.11277766,36.24073000
12.15277766,36.24073000
12.19277766,31.83080000
12.23277766,27.42088000
12.27277766,27.42088000
12.31277766,23.01095000
12.35277766,23.01095000
12.39277766,23.01095000
12.43277766,18.60103000
12.47277766,18.60103000
12.51277766,14.19111000
12.55277766,14.19111000
12.59277766,9.78118100
12.63277766,9.78118100
12.67277766,5.37125700
12.71277766,5.37125700
12.75277766,5.37125700
12.79277766,0.96133300
12.83277766,0.96133300
12.87277766,-3.44859100
12.91277766,-7.85851600
12.95277766,-7.85851600
12.99277766,-7.85851600
13.03277766,-12.26844000
13.07277766,-12.26844000
13.11277766,-12.26844000
13.15277766,-16.67836000
13.19277766,-21.08829000
13.23277766,-21.08829000
13.27277766,-25.49821000
13.31277766,-25.49821000
13.35277766,-29.90814000
13.39277766,-29.90814000
13.43277766,-34.31806000
13.47277766,-34.31806000
13.51277766,-38.72799000
13.55277766,-38.72799000
13.59277766,-43.15317000
13.63277766,-43.15317000
13.67277765,-47.56310000
13.71277765,-47.56310000
13.75277765,-47.56310000
13.79277765,-51.97302000
13.83277765,-51.97302000
13.87277765,-56.38294000
13.91277765,-60.79287000
13.95277765,-60.79287000
13.99277765,-60.79287000
14.03277765,-65.20279000
14.07277765,-65.20279000
14.11277765,-69.61272000
14.15277765,-69.61272000
14.19277765,-69.61272000
14.23277765,-74.02264000
14.27277765,-74.02264000
14.31277765,-78.43256000
14.35277765,-78.43256000
14.39277765,-82.84248000
14.43277765,-82.84248000
14.47277765,-82.84248000
14.51277765,-82.84248000
14.55277765,-87.25241000
14.59277765,-87.25241000
14.63277765,-91.67760000
14.67277765,-96.08752000
14.71277765,-96.08752000
14.75277765,-96.08752000
14.79277765,-100.49750000
14.83277765,-100.49750000
14.87277765,-104.90740000
14.91277765,-104.90740000
14.95277765,-104.90740000
14.99277765,-113.72720000
15.03277765,-113.72720000
15.07277765,-113.72720000
15.11277765,-113.72720000
15.15277765,-118.13710000
15.19277765,-118.13710000
15.23277765,-122.54710000
15.27277765,-122.54710000
15.31277764,-122.54710000
15.35277764,-122.54710000
15.39277764,-126.95700000
15.43277764,-126.95700000
15.47277764,-126.95700000
15.51277764,-135.79210000
15.55277764,-135.79210000
15.59277764,-135.79210000
15.63277764,-135.79210000
15.67277764,-135.79210000
15.71277764,-135.79210000
15.75277764,-140.20200000
15.79277764,-140.20200000
15.83277764,-140.20200000
15.87277764,-144.61190000
15.91277764,-149.02190000
15.95277764,-149.02190000
15.99277764,-149.02190000
16.03277764,-149.02190000
16.07277764,-153.43180000
16.11277764,-153.43180000
16.15277764,-153.43180000
16.19277764,-153.43180000
16.23277764,-157.84170000
16.27277764,-157.84170000
16.31277764,-157.84170000
16.35277764,-162.25160000
16.39277764,-157.84170000
16.43277764,-162.25160000
16.47277764,-166.66160000
16.51277764,-166.66160000
16.55277764,-171.07150000
16.59277764,-171.07150000
16.63277764,-171.07150000
16.67277764,-171.07150000
16.71277764,-171.07150000
16.75277764,-175.48140000
16.79277764,-171.07150000
16.83277764,-175.48140000
16.87277764,-175.48140000
16.91277764,-175.48140000
16.95277764,-175.48140000
16.99277763,-175.48140000
17.03277763,-184.31650000
17.07277763,-184.31650000
17.11277763,-184.31650000
17.15277763,-184.31650000
17.19277763,-188.72640000
17.23277763,-188.72640000
17.27277763,-188.72640000
17.31277763,-188.72640000
17.35277763,-188.72640000
17.39277763,-188.72640000
17.43277763,-188.72640000
17.47277763,-188.72640000
17.51277763,-188.72640000
17.55277763,-193.13640000
17.59277763,-193.13640000
17.63277763,-193.13640000
17.67277763,-193.13640000
17.71277763,-193.13640000
17.75277763,-193.13640000
17.79277763,-197.54630000
17.83277763,-197.54630000
17.87277763,-193.13640000
17.91277763,-193.13640000
17.95277763,-197.54630000
17.99277763,-197.54630000
18.03277763,-197.54630000
18.07277763,-197.54630000
18.11277763,-201.95620000
18.15277763,-201.95620000
18.19277763,-201.95620000
18.23277763,-201.95620000
18.27277763,-201.95620000
18.31277763,-201.95620000
18.35277763,-201.95620000
18.39277763,-201.95620000
18.43277763,-201.95620000
18.47277763,-201.95620000
18.51277763,-201.95620000
18.55277763,-206.36610000
18.59277763,-201.95620000
18.63277762,-206.36610000
18.67277762,-206.36610000
18.71277762,-206.36610000
18.75277762,-206.36610000
18.79277762,-206.36610000
18.83277762,-206.36610000
18.87277762,-206.36610000
18.91277762,-206.36610000
18.95277762,-206.36610000
18.99277762,-206.36610000
19.03277762,-206.36610000
19.07277762,-201.95620000
19.11277762,-206.36610000
19.15277762,-206.36610000
19.19277762,-206.36610000
19.23277762,-206.36610000
19.27277762,-201.95620000
19.31277762,-201.95620000
19.35277762,-206.36610000
19.39277762,-201.95620000
19.43277762,-206.36610000
19.47277762,-201.95620000
19.51277762,-201.95620000
19.55277762,-201.95620000
19.59277762,-201.95620000
19.63277762,-201.95620000
19.67277762,-201.95620000
19.71277762,-201.95620000
19.75277762,-201.95620000
19.79277762,-197.54630000
19.83277762,-197.54630000
19.87277762,-197.54630000
19.91277762,-197.54630000
19.95277762,-197.54630000
19.99277762,-197.54630000
20.03277762,-193.13640000
20.07277762,-197.54630000
20.11277762,-193.13640000
20.15277762,-193.13640000
20.19277762,-193.13640000
20.23277762,-193.13640000
20.27277761,-193.13640000
20.31277761,-193.13640000
20.35277761,-188.72640000
20.39277761,-188.72640000
20.43277761,-188.72640000
20.47277761,-188.72640000
20.51277761,-188.72640000
20.55277761,-188.72640000
20.59277761,-188.72640000
20.63277761,-188.72640000
20.67277761,-184.31650000
20.71277761,-184.31650000
20.75277761,-184.31650000
20.79277761,-184.31650000
20.83277761,-184.31650000
20.87277761,-179.89130000
20.91277761,-179.89130000
20.95277761,-175.48140000
20.99277761,-175.48140000
21.03277761,-175.48140000
21.07277761,-175.48140000
21.11277761,-175.48140000
21.15277761,-171.07150000
21.19277761,-171.07150000
21.23277761,-171.07150000
21.27277761,-171.07150000
21.31277761,-171.07150000
21.35277761,-171.07150000
21.39277761,-166.66160000
21.43277761,-166.66160000
21.47277761,-162.25160000
21.51277761,-162.25160000
21.55277761,-157.84170000
21.59277761,-157.84170000
21.63277761,-157.84170000
21.67277761,-157.84170000
21.71277761,-153.43180000
21.75277761,-153.43180000
21.79277761,-153.43180000
21.83277761,-153.43180000
21.87277761,-149.02190000
21.91277760,-149.02190000
21.95277760,-149.02190000
21.99277760,-144.61190000
22.03277760,-144.61190000
22.07277760,-140.20200000
22.11277760,-140.20200000
22.15277760,-140.20200000
22.19277760,-135.79210000
22.23277760,-135.79210000
22.27277760,-135.79210000
22.31277760,-135.79210000
22.35277760,-135.79210000
22.39277760,-131.36690000
22.43277760,-131.36690000
22.47277760,-126.95700000
22.51277760,-122.54710000
22.55277760,-122.54710000
22.59277760,-122.54710000
22.63277760,-118.13710000
22.67277760,-118.13710000
22.71277760,-118.13710000
22.75277760,-118.13710000
22.79277760,-113.72720000
22.83277760,-113.72720000
22.87277760,-113.72720000
22.91277760,-104.90740000
22.95277760,-104.90740000
22.99277760,-104.90740000
23.03277760,-100.49750000
23.07277760,-100.49750000
23.11277760,-100.49750000
23.15277760,-100.49750000
23.19277760,-96.08752000
23.23277760,-96.08752000
23.27277760,-91.67760000
23.31277760,-91.67760000
23.35277760,-87.25241000
23.39277760,-82.84248000
23.43277760,-82.84248000
23.47277760,-82.84248000
23.51277760,-82.84248000
23.55277759,-78.43256000
23.59277759,-78.43256000
23.63277759,-74.02264000
23.67277759,-74.02264000
23.71277759,-65.20279000
23.75277759,-69.61272000
23.79277759,-65.20279000
23.83277759,-65.20279000
23.87277759,-65.20279000
23.91277759,-60.79287000
23.95277759,-60.79287000
23.99277759,-56.38294000
24.03277759,-51.97302000
24.07277759,-51.97302000
24.11277759,-47.56310000
24.15277759,-47.56310000
24.19277759,-47.56310000
24.23277759,-47.56310000
24.27277759,-43.15317000
24.31277759,-43.15317000
24.35277759,-38.72799000
24.39277759,-34.31806000
24.43277759,-34.31806000
24.47277759,-34.31806000
24.51277759,-29.90814000
24.55277759,-29.90814000
24.59277759,-25.49821000
24.63277759,-25.49821000
24.67277759,-21.08829000
24.71277759,-16.67836000
24.75277759,-16.67836000
24.79277759,-12.26844000
24.83277759,-12.26844000
24.87277759,-12.26844000
24.91277759,-12.26844000
24.95277759,-7.85851600
24.99277759,-3.44859100
25.03277759,0.96133300
25.07277759,0.96133300
25.11277759,5.37125700
25.15277759,5.37125700
25.19277758,5.37125700
25.23277758,5.37125700
25.27277758,9.78118100
25.31277758,9.78118100
25.35277758,9.78118100
25.39277758,18.60103000
25.43277758,18.60103000
25.47277758,18.60103000
25.51277758,23.01095000
25.55277758,23.01095000
25.59277758,27.42088000
25.63277758,27.42088000
25.67277758,27.42088000
25.71277758,36.24073000
25.75277758,36.24073000
25.79277758,40.65065000
25.83277758,40.65065000
25.87277758,40.65065000
25.91277758,40.65065000
25.95277758,45.06058000
25.99277758,45.06058000
26.03277758,49.47050000
26.07277758,53.89569000
26.11277758,53.89569000
26.15277758,58.30561000
26.19277758,58.30561000
26.23277758,58.30561000
26.27277758,62.71553000
26.31277758,62.71553000
26.35277758,62.71553000
26.39277758,71.53539000
26.43277758,71.53539000
26.47277758,71.53539000
26.51277758,75.94530000
26.55277758,75.94530000
26.59277758,75.94530000
26.63277758,80.35523000
26.67277758,80.35523000
26.71277758,84.76515000
26.75277758,84.76515000
26.79277758,89.17508000
26.83277757,89.17508000
26.87277757,93.58500000
26.91277757,93.58500000
26.95277757,93.58500000
26.99277757,97.99493000
27.03277757,97.99493000
27.07277757,97.99493000
27.11277757,102.42010000
27.15277757,102.42010000
27.19277757,106.83000000
27.23277757,111.24000000
27.27277757,111.24000000
27.31277757,111.24000000
27.35277757,111.24000000
27.39277757,115.64990000
27.43277757,115.64990000
27.47277757,120.05980000
27.51277757,120.05980000
27.55277757,124.46970000
27.59277757,124.46970000
27.63277757,124.46970000
27.67277757,128.87970000
27.71277757,128.87970000
27.75277757,128.87970000
27.79277757,133.28960000
27.83277757,133.28960000
27.87277757,137.69950000
27.91277757,142.10940000
27.95277757,142.10940000
27.99277757,142.10940000
28.03277757,146.53460000
28.07277757,146.53460000
28.11277757,146.53460000
28.15277757,146.53460000
28.19277757,146.53460000
28.23277757,150.94450000
28.27277757,150.94450000
28.31277757,150.94450000
28.35277757,155.35450000
28.39277757,159.76440000
28.43277757,159.76440000
28.47277757,159.76440000
28.51277756,159.76440000
28.55277756,164.17430000
28.59277756,164.17430000
28.63277756,164.17430000
28.67277756,164.17430000
28.71277756,168.58420000
28.75277756,168.58420000
28.79277756,168.58420000
28.83277756,172.99420000
28.87277756,172.99420000
28.91277756,177.40410000
28.95277756,177.40410000
28.99277756,177.40410000
29.03277756,181.81400000
29.07277756,181.81400000
29.11277756,181.81400000
29.15277756,181.81400000
29.19277756,181.81400000
29.23277756,181.81400000
29.27277756,186.22390000
29.31277756,186.22390000
29.35277756,186.22390000
29.39277756,186.22390000
29.43277756,190.63390000
29.47277756,190.63390000
29.51277756,195.05900000
29.55277756,195.05900000
29.59277756,195.05900000
29.63277756,195.05900000
29.67277756,195.05900000
29.71277756,195.05900000
29.75277756,195.05900000
29.79277756,199.46900000
29.83277756,199.46900000
29.87277756,199.46900000
29.91277756,199.46900000
29.95277756,199.46900000
29.99277756,199.46900000
30.03277756,199.46900000
30.07277756,199.46900000
30.11277756,199.46900000
30.15277755,203.87890000
30.19277755,203.87890000
30.23277755,203.87890000
30.27277755,203.87890000
30.31277755,203.87890000
30.35277755,203.87890000
30.39277755,208.28880000
30.43277755,212.69870000
30.47277755,203.87890000
30.51277755,208.28880000
30.55277755,212.69870000
30.59277755,212.69870000
30.63277755,212.69870000
30.67277755,212.69870000
30.71277755,212.69870000
30.75277755,212.69870000
30.79277755,212.69870000
30.83277755,212.69870000
30.87277755,212.69870000
30.91277755,212.69870000
30.95277755,212.69870000
30.99277755,212.69870000
31.03277755,217.10870000
31.07277755,217.10870000
31.11277755,217.10870000
31.15277755,212.69870000
31.19277755,217.10870000
31.23277755,217.10870000
31.27277755,217.10870000
31.31277755,217.10870000
31.35277755,217.10870000
31.39277755,217.10870000
31.43277755,217.10870000
31.47277755,217.10870000
31.51277755,217.10870000
31.55277755,217.10870000
31.59277755,217.10870000
31.63277755,217.10870000
31.67277755,217.10870000
31.71277755,217.10870000
31.75277755,212.69870000
31.79277754,217.10870000
31.83277754,217.10870000
31.87277754,212.69870000
31.91277754,212.69870000
31.95277754,212.69870000
31.99277754,212.69870000
32.03277754,212.69870000
32.07277754,212.69870000
32.11277754,212.69870000
32.15277754,208.28880000
32.19277754,212.69870000
32.23277754,212.69870000
32.27277754,212.69870000
32.31277754,212.69870000
32.35277754,208.28880000
32.39277754,212.69870000
32.43277754,208.28880000
32.47277754,208.28880000
32.51277754,208.28880000
32.55277754,203.87890000
32.59277754,203.87890000
32.63277754,203.87890000
32.67277754,203.87890000
32.71277754,203.87890000
32.75277754,203.87890000
32.79277754,203.87890000
32.83277754,199.46900000
32.87277754,199.46900000
32.91277754,199.46900000
32.95277754,199.46900000
32.99277754,199.46900000
33.03277754,199.46900000
33.07277754,199.46900000
33.11277754,195.05900000
33.15277754,199.46900000
33.19277754,195.05900000
33.23277754,195.05900000
33.27277754,195.05900000
33.31277754,195.05900000
33.35277754,190.63390000
33.39277754,195.05900000
33.43277753,190.63390000
33.47277753,186.22390000
33.51277753,186.22390000
33.55277753,186.22390000
33.59277753,186.22390000
33.63277753,181.81400000
33.67277753,181.81400000
33.71277753,181.81400000
33.75277753,181.81400000
33.79277753,177.40410000
33.83277753,181.81400000
33.87277753,177.40410000
33.91277753,177.40410000
33.95277753,177.40410000
33.99277753,177.40410000
34.03277753,168.58420000
34.07277753,172.99420000
34.11277753,168.58420000
34.15277753,168.58420000
34.19277753,168.58420000
34.23277753,164.17430000
34.27277753,164.17430000
34.31277753,164.17430000
34.35277753,164.17430000
34.39277753,159.76440000
34.43277753,159.76440000
34.47277753,159.76440000
34.51277753,155.35450000
34.55277753,155.35450000
34.59277753,155.35450000
34.63277753,150.94450000
34.67277753,150.94450000
34.71277753,146.53460000
34.75277753,146.53460000
34.79277753,146.53460000
34.83277753,146.53460000
34.87277753,142.10940000
34.91277753,142.10940000
34.95277753,142.10940000
34.99277753,137.69950000
35.03277753,133.28960000
35.07277752,133.28960000
35.11277752,133.28960000
35.15277752,128.87970000
35.19277752,128.87970000
35.23277752,128.87970000
35.27277752,128.87970000
35.31277752,124.46970000
35.35277752,124.46970000
35.39277752,120.05980000
35.43277752,120.05980000
35.47277752,115.64990000
35.51277752,115.64990000
35.55277752,111.24000000
35.59277752,111.24000000
35.63277752,111.24000000
35.67277752,106.83000000
35.71277752,106.83000000
35.75277752,106.83000000
35.79277752,102.42010000
35.83277752,97.99493000
35.87277752,97.99493000
35.91277752,97.99493000
35.95277752,93.58500000
35.99277752,93.58500000
36.03277752,89.17508000
36.07277752,89.17508000
36.11277752,89.17508000
36.15277752,84.76515000
36.19277752,84.76515000
36.23277752,80.35523000
36.27277752,75.94530000
36.31277752,75.94530000
36.35277752,75.94530000
36.39277752,71.53539000
36.43277752,71.53539000
36.47277752,71.53539000
36.51277752,67.12546000
36.55277752,62.71553000
36.59277752,62.71553000
36.63277752,58.30561000
36.67277752,58.30561000
36.71277751,58.30561000
36.75277751,53.89569000
36.79277751,53.89569000
36.83277751,49.47050000
36.87277751,49.47050000
36.91277751,45.06058000
36.95277751,40.65065000
36.99277751,40.65065000
37.03277751,40.65065000
37.07277751,40.65065000
37.11277751,36.24073000
37.15277751,36.24073000
37.19277751,36.24073000
37.23277751,27.42088000
37.27277751,27.42088000
37.31277751,23.01095000
37.35277751,23.01095000
37.39277751,23.01095000
37.43277751,18.60103000
37.47277751,18.60103000
37.51277751,14.19111000
37.55277751,9.78118100
37.59277751,9.78118100
37.63277751,5.37125700
37.67277751,5.37125700
37.71277751,5.37125700
37.75277751,5.37125700
37.79277751,0.96133300
37.83277751,0.96133300
37.87277751,-3.44859100
37.91277751,-7.85851600
37.95277751,-7.85851600
37.99277751,-7.85851600
38.03277751,-12.26844000
38.07277751,-12.26844000
38.11277751,-16.67836000
38.15277751,-16.67836000
38.19277751,-16.67836000
38.23277751,-25.49821000
38.27277751,-25.49821000
38.31277751,-29.90814000
38.35277750,-29.90814000
38.39277750,-29.90814000
38.43277750,-29.90814000
38.47277750,-34.31806000
38.51277750,-38.72799000
38.55277750,-43.15317000
38.59277750,-43.15317000
38.63277750,-47.56310000
38.67277750,-47.56310000
38.71277750,-47.56310000
38.75277750,-51.97302000
38.79277750,-51.97302000
38.83277750,-51.97302000
38.87277750,-56.38294000
38.91277750,-60.79287000
38.95277750,-60.79287000
38.99277750,-60.79287000
39.03277750,-65.20279000
39.07277750,-65.20279000
39.11277750,-65.20279000
39.15277750,-69.61272000
39.19277750,-69.61272000
39.23277750,-69.61272000
39.27277750,-78.43256000
39.31277750,-78.43256000
39.35277750,-78.43256000
39.39277750,-82.84248000
39.43277750,-82.84248000
39.47277750,-82.84248000
39.51277750,-87.25241000
39.55277750,-87.25241000
39.59277750,-87.25241000
39.63277750,-91.67760000
39.67277750,-91.67760000
39.71277750,-96.08752000
39.75277750,-100.49750000
39.79277750,-100.49750000
39.83277750,-100.49750000
39.87277750,-100.49750000
39.91277750,-104.90740000
39.95277750,-104.90740000
39.99277750,-104.90740000
40.03277749,-113.72720000
40.07277749,-113.72720000
40.11277749,-113.72720000
40.15277749,-118.13710000
40.19277749,-118.13710000
40.23277749,-118.13710000
40.27277749,-122.54710000
40.31277749,-122.54710000
40.35277749,-122.54710000
40.39277749,-126.95700000
40.43277749,-126.95700000
40.47277749,-131.36690000
40.51277749,-131.36690000
40.55277749,-135.79210000
40.59277749,-135.79210000
40.63277749,-135.79210000
40.67277749,-135.79210000
40.71277749,-140.20200000
40.75277749,-140.20200000
40.79277749,-140.20200000
40.83277749,-144.61190000
40.87277749,-144.61190000
40.91277749,-149.02190000
40.95277749,-149.02190000
40.99277749,-149.02190000
41.03277749,-149.02190000
41.07277749,-153.43180000
41.11277749,-153.43180000
41.15277749,-153.43180000
41.19277749,-157.84170000
41.23277749,-153.43180000
41.27277749,-157.84170000
41.31277749,-157.84170000
41.35277749,-157.84170000
41.39277749,-157.84170000
41.43277749,-162.25160000
41.47277749,-162.25160000
41.51277749,-166.66160000
41.55277749,-166.66160000
41.59277749,-171.07150000
41.63277749,-171.07150000
41.67277748,-171.07150000
41.71277748,-171.07150000
41.75277748,-171.07150000
41.79277748,-175.48140000
41.83277748,-175.48140000
41.87277748,-175.48140000
41.91277748,-175.48140000
41.95277748,-175.48140000
41.99277748,-179.89130000
42.03277748,-179.89130000
42.07277748,-179.89130000
42.11277748,-184.31650000
42.15277748,-184.31650000
42.19277748,-184.31650000
42.23277748,-184.31650000
42.27277748,-188.72640000
42.31277748,-188.72640000
42.35277748,-188.72640000
42.39277748,-188.72640000
42.43277748,-188.72640000
42.47277748,-188.72640000
42.51277748,-188.72640000
42.55277748,-193.13640000
42.59277748,-188.72640000
42.63277748,-193.13640000
42.67277748,-193.13640000
42.71277748,-193.13640000
42.75277748,-193.13640000
42.79277748,-193.13640000
42.83277748,-193.13640000
42.87277748,-197.54630000
42.91277748,-197.54630000
42.95277748,-197.54630000
42.99277748,-197.54630000
43.03277748,-197.54630000
43.07277748,-197.54630000
43.11277748,-197.54630000
43.15277748,-201.95620000
43.19277748,-201.95620000
43.23277748,-201.95620000
43.27277748,-201.95620000
43.31277747,-201.95620000
43.35277747,-201.95620000
43.39277747,-201.95620000
43.43277747,-201.95620000
43.47277747,-201.95620000
43.51277747,-206.36610000
43.55277747,-206.36610000
43.59277747,-206.36610000
43.63277747,-201.95620000
43.67277747,-201.95620000
43.71277747,-206.36610000
43.75277747,-206.36610000
43.79277747,-206.36610000
43.83277747,-206.36610000
43.87277747,-206.36610000
43.91277747,-201.95620000
43.95277747,-206.36610000
43.99277747,-206.36610000
44.03277747,-206.36610000
44.07277747,-201.95620000
44.11277747,-206.36610000
44.15277747,-206.36610000
44.19277747,-206.36610000
44.23277747,-206.36610000
44.27277747,-206.36610000
44.31277747,-206.36610000
44.35277747,-206.36610000
44.39277747,-201.95620000
44.43277747,-206.36610000
44.47277747,-201.95620000
44.51277747,-201.95620000
44.55277747,-201.95620000
44.59277747,-201.95620000
44.63277747,-201.95620000
44.67277747,-201.95620000
44.71277747,-201.95620000
44.75277747,-201.95620000
44.79277747,-201.95620000
44.83277747,-197.54630000
44.87277747,-197.54630000
44.91277747,-197.54630000
44.95277746,-197.54630000
44.99277746,-197.54630000
45.03277746,-193.13640000
45.07277746,-193.13640000
45.11277746,-193.13640000
45.15277746,-193.13640000
45.19277746,-193.13640000
45.23277746,-193.13640000
45.27277746,-193.13640000
45.31277746,-193.13640000
45.35277746,-193.13640000
45.39277746,-188.72640000
45.43277746,-188.72640000
45.47277746,-188.72640000
45.51277746,-188.72640000
45.55277746,-188.72640000
45.59277746,-188.72640000
45.63277746,-188.72640000
45.67277746,-188.72640000
45.71277746,-184.31650000
45.75277746,-184.31650000
45.79277746,-184.31650000
45.83277746,-184.31650000
45.87277746,-179.89130000
45.91277746,-175.48140000
45.95277746,-175.48140000
45.99277746,-175.48140000
46.03277746,-175.48140000
46.07277746,-175.48140000
46.11277746,-171.07150000
46.15277746,-171.07150000
46.19277746,-171.07150000
46.23277746,-171.07150000
46.27277746,-171.07150000
46.31277746,-171.07150000
46.35277746,-166.66160000
46.39277746,-166.66160000
46.43277746,-166.66160000
46.47277746,-162.25160000
46.51277746,-157.84170000
46.55277746,-162.25160000
46.59277745,-157.84170000
46.63277745,-157.84170000
46.67277745,-153.43180000
46.71277745,-157.84170000
46.75277745,-153.43180000
46.79277745,-153.43180000
46.83277745,-153.43180000
46.87277745,-149.02190000
46.91277745,-149.02190000
46.95277745,-144.61190000
46.99277745,-149.02190000
47.03277745,-144.61190000
47.07277745,-140.20200000
47.11277745,-140.20200000
47.15277745,-140.20200000
47.19277745,-140.20200000
47.23277745,-135.79210000
47.27277745,-135.79210000
47.31277745,-135.79210000
47.35277745,-131.36690000
47.39277745,-131.36690000
47.43277745,-131.36690000
47.47277745,-126.95700000
47.51277745,-126.95700000
47.55277745,-122.54710000
47.59277745,-122.54710000
47.63277745,-118.13710000
47.67277745,-122.54710000
47.71277745,-118.13710000
47.75277745,-118.13710000
47.79277745,-113.72720000
47.83277745,-113.72720000
47.87277745,-109.31730000
47.91277745,-104.90740000
47.95277745,-104.90740000
47.99277745,-100.49750000
48.03277745,-100.49750000
48.07277745,-100.49750000
48.11277745,-100.49750000
48.15277745,-100.49750000
48.19277745,-96.08752000
48.23277744,-91.67760000
48.27277744,-91.67760000
48.31277744,-87.25241000
48.35277744,-87.25241000
48.39277744,-82.84248000
48.43277744,-82.84248000
48.47277744,-82.84248000
48.51277744,-82.84248000
48.55277744,-78.43256000
48.59277744,-78.43256000
48.63277744,-74.02264000
48.67277744,-69.61272000
48.71277744,-69.61272000
48.75277744,-69.61272000
48.79277744,-65.20279000
48.83277744,-65.20279000
48.87277744,-65.20279000
48.91277744,-65.20279000
48.95277744,-60.79287000
48.99277744,-60.79287000
49.03277744,-56.38294000
49.07277744,-51.97302000
49.11277744,-51.97302000
49.15277744,-47.56310000
49.19277744,-47.56310000
49.23277744,-47.56310000
49.27277744,-43.15317000
49.31277744,-43.15317000
49.35277744,-43.15317000
49.39277744,-34.31806000
49.43277744,-34.31806000
49.47277744,-34.31806000
49.51277744,-29.90814000
49.55277744,-29.90814000
49.59277744,-25.49821000
49.63277744,-25.49821000
49.67277744,-21.08829000
49.71277744,-16.67836000
49.75277744,-16.67836000
49.79277744,-16.67836000
49.83277744,-12.26844000
49.87277743,-12.26844000
49.91277743,-12.26844000
49.95277743,-7.85851600
49.99277743,-7.85851600
50.03277743,0.96133300
50.07277743,0.96133300
50.11277743,0.96133300
50.15277743,5.37125700
50.19277743,5.37125700
50.23277743,5.37125700
50.27277743,9.78118100
50.31277743,14.19111000
50.35277743,14.19111000
50.39277743,18.60103000
50.43277743,18.60103000
50.47277743,23.01095000
50.51277743,23.01095000
50.55277743,23.01095000
50.59277743,27.42088000
50.63277743,27.42088000
50.67277743,27.42088000
50.71277743,36.24073000
50.75277743,36.24073000
50.79277743,36.24073000
50.83277743,40.65065000
50.87277743,40.65065000
50.91277743,40.65065000
50.95277743,45.06058000
50.99277743,49.47050000
51.03277743,49.47050000
51.07277743,53.89569000
51.11277743,53.89569000
51.15277743,58.30561000
51.19277743,58.30561000
51.23277743,58.30561000
51.27277743,62.71553000
51.31277743,62.71553000
51.35277743,62.71553000
51.39277743,67.12546000
51.43277743,71.53539000
51.47277743,71.53539000
51.51277742,71.53539000
51.55277742,75.94530000
51.59277742,75.94530000
51.63277742,80.35523000
51.67277742,80.35523000
51.71277742,84.76515000
51.75277742,89.17508000
51.79277742,89.17508000
51.83277742,89.17508000
51.87277742,89.17508000
51.91277742,93.58500000
51.95277742,93.58500000
51.99277742,97.99493000
52.03277742,97.99493000
52.07277742,97.99493000
52.11277742,102.42010000
52.15277742,106.83000000
52.19277742,106.83000000
52.23277742,111.24000000
52.27277742,111.24000000
52.31277742,111.24000000
52.35277742,111.24000000
52.39277742,115.64990000
52.43277742,115.64990000
52.47277742,115.64990000
52.51277742,120.05980000
52.55277742,124.46970000
52.59277742,124.46970000
52.63277742,124.46970000
52.67277742,128.87970000
52.71277742,128.87970000
52.75277742,128.87970000
52.79277742,133.28960000
52.83277742,133.28960000
52.87277742,133.28960000
52.91277742,137.69950000
52.95277742,142.10940000
52.99277742,142.10940000
53.03277742,142.10940000
53.07277742,146.53460000
53.11277742,146.53460000
53.15277742,146.53460000
53.19277741,146.53460000
53.23277741,146.53460000
53.27277741,150.94450000
53.31277741,150.94450000
53.35277741,155.35450000
53.39277741,159.76440000
53.43277741,159.76440000
53.47277741,159.76440000
53.51277741,159.76440000
53.55277741,159.76440000
53.59277741,164.17430000
53.63277741,164.17430000
53.67277741,164.17430000
53.71277741,164.17430000
53.75277741,168.58420000
53.79277741,168.58420000
53.83277741,168.58420000
53.87277741,172.99420000
53.91277741,177.40410000
53.95277741,177.40410000
53.99277741,177.40410000
54.03277741,177.40410000
54.07277741,177.40410000
54.11277741,181.81400000
54.15277741,181.81400000
54.19277741,181.81400000
54.23277741,181.81400000
54.27277741,181.81400000
54.31277741,186.22390000
54.35277741,186.22390000
54.39277741,186.22390000
54.43277741,186.22390000
54.47277741,190.63390000
54.51277741,190.63390000
54.55277741,195.05900000
54.59277741,195.05900000
54.63277741,195.05900000
54.67277741,195.05900000
54.71277741,199.46900000
54.75277741,195.05900000
54.79277741,199.46900000
54.83277740,199.46900000
54.87277740,199.46900000
54.91277740,199.46900000
54.95277740,199.46900000
54.99277740,199.46900000
55.03277740,203.87890000
55.07277740,203.87890000
55.11277740,203.87890000
55.15277740,203.87890000
55.19277740,203.87890000
55.23277740,203.87890000
55.27277740,203.87890000
55.31277740,203.87890000
55.35277740,203.87890000
55.39277740,208.28880000
55.43277740,208.28880000
55.47277740,212.69870000
55.51277740,212.69870000
55.55277740,212.69870000
55.59277740,212.69870000
55.63277740,212.69870000
55.67277740,212.69870000
55.71277740,212.69870000
55.75277740,212.69870000
55.79277740,212.69870000
55.83277740,212.69870000
55.87277740,212.69870000
55.91277740,212.69870000
55.95277740,217.10870000
55.99277740,217.10870000
56.03277740,217.10870000
56.07277740,212.69870000
56.11277740,212.69870000
56.15277740,217.10870000
56.19277740,217.10870000
56.23277740,217.10870000
56.27277740,217.10870000
56.31277740,217.10870000
56.35277740,212.69870000
56.39277740,212.69870000
56.43277740,212.69870000
56.47277739,217.10870000
56.51277739,212.69870000
56.55277739,217.10870000
56.59277739,217.10870000
56.63277739,217.10870000
56.67277739,212.69870000
56.71277739,217.10870000
56.75277739,212.69870000
56.79277739,217.10870000
56.83277739,212.69870000
56.87277739,217.10870000
56.91277739,212.69870000
56.95277739,212.69870000
56.99277739,212.69870000
57.03277739,212.69870000
57.07277739,212.69870000
57.11277739,212.69870000
57.15277739,212.69870000
57.19277739,212.69870000
57.23277739,212.69870000
57.27277739,212.69870000
57.31277739,212.69870000
57.35277739,212.69870000
57.39277739,208.28880000
57.43277739,208.28880000
57.47277739,208.28880000
57.51277739,208.28880000
57.55277739,208.28880000
57.59277739,203.87890000
57.63277739,203.87890000
57.67277739,203.87890000
57.71277739,203.87890000
57.75277739,203.87890000
57.79277739,203.87890000
57.83277739,199.46900000
57.87277739,199.46900000
57.91277739,203.87890000
57.95277739,199.46900000
57.99277739,199.46900000
58.03277739,199.46900000
58.07277739,199.46900000
58.11277738,199.46900000
58.15277738,199.46900000
58.19277738,199.46900000
58.23277738,195.05900000
58.27277738,195.05900000
58.31277738,190.63390000
58.35277738,195.05900000
58.39277738,190.63390000
58.43277738,190.63390000
58.47277738,190.63390000
58.51277738,186.22390000
58.55277738,181.81400000
58.59277738,181.81400000
58.63277738,181.81400000
58.67277738,181.81400000
58.71277738,181.81400000
58.75277738,181.81400000
58.79277738,181.81400000
58.83277738,177.40410000
58.87277738,177.40410000
58.91277738,177.40410000
58.95277738,177.40410000
58.99277738,172.99420000
59.03277738,172.99420000
59.07277738,168.58420000
59.11277738,168.58420000
59.15277738,164.17430000
59.19277738,164.17430000
59.23277738,164.17430000
59.27277738,164.17430000
59.31277738,164.17430000
59.35277738,164.17430000
59.39277738,159.76440000
59.43277738,159.76440000
59.47277738,159.76440000
59.51277738,155.35450000
59.55277738,150.94450000
59.59277738,150.94450000
59.63277738,150.94450000
59.67277738,150.94450000
59.71277738,146.53460000
59.75277737,146.53460000
59.79277737,146.53460000
59.83277737,146.53460000
59.87277737,146.53460000
59.91277737,142.10940000
59.95277737,142.10940000
59.99277737,137.69950000
60.03277737,133.28960000
60.07277737,137.69950000
60.11277737,133.28960000
60.15277737,128.87970000
60.19277737,128.87970000
60.23277737,128.87970000
60.27277737,128.87970000
60.31277737,124.46970000
60.35277737,120.05980000
60.39277737,120.05980000
60.43277737,120.05980000
60.47277737,115.64990000
60.51277737,111.24000000
60.55277737,111.24000000
60.59277737,111.24000000
60.63277737,111.24000000
60.67277737,111.24000000
60.71277737,106.83000000
60.75277737,106.83000000
60.79277737,97.99493000
60.83277737,97.99493000
60.87277737,97.99493000
60.91277737,93.58500000
60.95277737,93.58500000
60.99277737,93.58500000
61.03277737,93.58500000
61.07277737,89.17508000
61.11277737,89.17508000
61.15277737,84.76515000
61.19277737,84.76515000
61.23277737,80.35523000
61.27277737,75.94530000
61.31277737,75.94530000
61.35277737,75.94530000
61.39277736,75.94530000
61.43277736,71.53539000
61.47277736,71.53539000
61.51277736,67.12546000
61.55277736,62.71553000
61.59277736,62.71553000
61.63277736,58.30561000
61.67277736,58.30561000
61.71277736,58.30561000
61.75277736,58.30561000
61.79277736,53.89569000
61.83277736,53.89569000
61.87277736,45.06058000
61.91277736,45.06058000
61.95277736,45.06058000
61.99277736,40.65065000
62.03277736,40.65065000
62.07277736,40.65065000
62.11277736,36.24073000
62.15277736,36.24073000
62.19277736,31.83080000
62.23277736,31.83080000
62.27277736,27.42088000
62.31277736,23.01095000
62.35277736,23.01095000
62.39277736,23.01095000
62.43277736,18.60103000
62.47277736,18.60103000
62.51277736,18.60103000
62.55277736,14.19111000
62.59277736,9.78118100
62.63277736,5.37125700
62.67277736,5.37125700
62.71277736,5.37125700
62.75277736,5.37125700
62.79277736,0.96133300
62.83277736,0.96133300
62.87277736,-3.44859100
62.91277736,-7.85851600
62.95277736,-7.85851600
62.99277736,-12.26844000
63.03277735,-12.26844000
63.07277735,-12.26844000
63.11277735,-16.67836000
63.15277735,-16.67836000
63.19277735,-16.67836000
63.23277735,-21.08829000
63.27277735,-25.49821000
63.31277735,-29.90814000
63.35277735,-29.90814000
63.39277735,-29.90814000
63.43277735,-34.31806000
63.47277735,-34.31806000
63.51277735,-34.31806000
63.55277735,-43.15317000
63.59277735,-43.15317000
63.63277735,-47.56310000
63.67277735,-47.56310000
63.71277735,-47.56310000
63.75277735,-47.56310000
63.79277735,-51.97302000
63.83277735,-51.97302000
63.87277735,-56.38294000
63.91277735,-60.79287000
63.95277735,-60.79287000
63.99277735,-60.79287000
64.03277735,-65.20279000
64.07277735,-65.20279000
64.11277735,-69.61272000
64.15277735,-69.61272000
64.19277735,-69.61272000
64.23277735,-74.02264000
64.27277735,-78.43256000
64.31277735,-78.43256000
64.35277735,-82.84248000
64.39277735,-82.84248000
64.43277735,-82.84248000
64.47277735,-82.84248000
64.51277735,-87.25241000
64.55277735,-87.25241000
64.59277735,-91.67760000
64.63277735,-91.67760000
64.67277735,-96.08752000
64.71277734,-96.08752000
64.75277734,-100.49750000
64.79277734,-100.49750000
64.83277734,-100.49750000
64.87277734,-100.49750000
64.91277734,-104.90740000
64.95277734,-104.90740000
64.99277734,-109.31730000
65.03277734,-113.72720000
65.07277734,-113.72720000
65.11277734,-118.13710000
65.15277734,-118.13710000
65.19277734,-118.13710000
65.23277734,-118.13710000
65.27277734,-118.13710000
65.31277734,-122.54710000
65.35277734,-122.54710000
65.39277734,-122.54710000
65.43277734,-126.95700000
65.47277734,-131.36690000
65.51277734,-131.36690000
65.55277734,-135.79210000
65.59277734,-135.79210000
65.63277734,-135.79210000
65.67277734,-135.79210000
65.71277734,-135.79210000
65.75277734,-140.20200000
65.79277734,-140.20200000
65.83277734,-140.20200000
65.87277734,-144.61190000
65.91277734,-149.02190000
65.95277734,-149.02190000
65.99277734,-149.02190000
66.03277734,-149.02190000
66.07277734,-153.43180000
66.11277734,-153.43180000
66.15277734,-153.43180000
66.19277734,-153.43180000
66.23277734,-153.43180000
66.27277734,-157.84170000
66.31277734,-157.84170000
66.35277733,-162.25160000
66.39277733,-162.25160000
66.43277733,-162.25160000
66.47277733,-166.66160000
66.51277733,-166.66160000
66.55277733,-171.07150000
66.59277733,-171.07150000
66.63277733,-171.07150000
66.67277733,-171.07150000
66.71277733,-171.07150000
66.75277733,-171.07150000
66.79277733,-175.48140000
66.83277733,-175.48140000
66.87277733,-175.48140000
66.91277733,-175.48140000
66.95277733,-179.89130000
66.99277733,-179.89130000
67.03277733,-179.89130000
67.07277733,-184.31650000
67.11277733,-184.31650000
67.15277733,-184.31650000
67.19277733,-184.31650000
67.23277733,-188.72640000
67.27277733,-188.72640000
67.31277733,-184.31650000
67.35277733,-188.72640000
67.39277733,-188.72640000
67.43277733,-188.72640000
67.47277733,-188.72640000
67.51277733,-188.72640000
67.55277733,-193.13640000
67.59277733,-188.72640000
67.63277733,-193.13640000
67.67277733,-193.13640000
67.71277733,-193.13640000
67.75277733,-193.13640000
67.79277733,-193.13640000
67.83277733,-193.13640000
67.87277733,-193.13640000
67.91277733,-197.54630000
67.95277733,-197.54630000
67.99277732,-197.54630000
68.03277732,-197.54630000
68.07277732,-197.54630000
68.11277732,-201.95620000
68.15277732,-201.95620000
68.19277732,-201.95620000
68.23277732,-201.95620000
68.27277732,-201.95620000
68.31277732,-201.95620000
68.35277732,-201.95620000
68.39277732,-201.95620000
68.43277732,-201.95620000
68.47277732,-201.95620000
68.51277732,-201.95620000
68.55277732,-201.95620000
68.59277732,-201.95620000
68.63277732,-206.36610000
68.67277732,-206.36610000
68.71277732,-201.95620000
68.75277732,-206.36610000
68.79277732,-206.36610000
68.83277732,-206.36610000
68.87277732,-206.36610000
68.91277732,-206.36610000
68.95277732,-206.36610000
68.99277732,-206.36610000
69.03277732,-206.36610000
69.07277732,-206.36610000
69.11277732,-206.36610000
69.15277732,-206.36610000
69.19277732,-206.36610000
69.23277732,-201.95620000
69.27277732,-206.36610000
69.31277732,-201.95620000
69.35277732,-201.95620000
69.39277732,-201.95620000
69.43277732,-206.36610000
69.47277732,-201.95620000
69.51277732,-201.95620000
69.55277732,-201.95620000
69.59277732,-201.95620000
69.63277731,-201.95620000
69.67277731,-201.95620000
69.71277731,-197.54630000
69.75277731,-201.95620000
69.79277731,-197.54630000
69.83277731,-197.54630000
69.87277731,-197.54630000
69.91277731,-193.13640000
69.95277731,-197.54630000
69.99277731,-197.54630000
70.03277731,-197.54630000
70.07277731,-193.13640000
70.11277731,-193.13640000
70.15277731,-193.13640000
70.19277731,-193.13640000
70.23277731,-193.13640000
70.27277731,-193.13640000
70.31277731,-193.13640000
70.35277731,-188.72640000
70.39277731,-193.13640000
70.43277731,-188.72640000
70.47277731,-188.72640000
70.51277731,-188.72640000
70.55277731,-188.72640000
70.59277731,-188.72640000
70.63277731,-184.31650000
70.67277731,-184.31650000
70.71277731,-184.31650000
70.75277731,-184.31650000
70.79277731,-184.31650000
70.83277731,-184.31650000
70.87277731,-184.31650000
70.91277731,-179.89130000
70.95277731,-175.48140000
70.99277731,-175.48140000
71.03277731,-175.48140000
71.07277731,-175.48140000
71.11277731,-171.07150000
71.15277731,-171.07150000
71.19277731,-171.07150000
71.23277731,-171.07150000
71.27277730,-171.07150000
71.31277730,-171.07150000
71.35277730,-166.66160000
71.39277730,-166.66160000
71.43277730,-166.66160000
71.47277730,-162.25160000
71.51277730,-162.25160000
71.55277730,-157.84170000
71.59277730,-157.84170000
71.63277730,-157.84170000
71.67277730,-157.84170000
71.71277730,-153.43180000
71.75277730,-153.43180000
71.79277730,-153.43180000
71.83277730,-153.43180000
71.87277730,-149.02190000
71.91277730,-149.02190000
71.95277730,-149.02190000
71.99277730,-144.61190000
72.03277730,-144.61190000
72.07277730,-140.20200000
72.11277730,-140.20200000
72.15277730,-140.20200000
72.19277730,-140.20200000
72.23277730,-135.79210000
72.27277730,-135.79210000
72.31277730,-135.79210000
72.35277730,-131.36690000
72.39277730,-131.36690000
72.43277730,-131.36690000
72.47277730,-126.95700000
72.51277730,-122.54710000
72.55277730,-122.54710000
72.59277730,-122.54710000
72.63277730,-118.13710000
72.67277730,-118.13710000
72.71277730,-118.13710000
72.75277730,-118.13710000
72.79277730,-113.72720000
72.83277730,-113.72720000
72.87277730,-109.31730000
72.91277729,-104.90740000
72.95277729,-104.90740000
72.99277729,-100.49750000
73.03277729,-100.49750000
73.07277729,-100.49750000
73.11277729,-100.49750000
73.15277729,-100.49750000
73.19277729,-96.08752000
73.23277729,-91.67760000
73.27277729,-91.67760000
73.31277729,-87.25241000
73.35277729,-87.25241000
73.39277729,-87.25241000
73.43277729,-82.84248000
73.47277729,-82.84248000
73.51277729,-82.84248000
73.55277729,-78.43256000
73.59277729,-78.43256000
73.63277729,-74.02264000
73.67277729,-69.61272000
73.71277729,-69.61272000
73.75277729,-69.61272000
73.79277729,-65.20279000
73.83277729,-65.20279000
73.87277729,-65.20279000
73.91277729,-60.79287000
73.95277729,-60.79287000
73.99277729,-56.38294000
74.03277729,-51.97302000
74.07277729,-51.97302000
74.11277729,-51.97302000
74.15277729,-47.56310000
74.19277729,-47.56310000
74.23277729,-43.15317000
74.27277729,-43.15317000
74.31277729,-43.15317000
74.35277729,-38.72799000
74.39277729,-34.31806000
74.43277729,-34.31806000
74.47277729,-34.31806000
74.51277729,-29.90814000
74.55277728,-29.90814000
74.59277728,-25.49821000
74.63277728,-21.08829000
74.67277728,-21.08829000
74.71277728,-16.67836000
74.75277728,-16.67836000
74.79277728,-16.67836000
74.83277728,-12.26844000
74.87277728,-7.85851600
74.91277728,-12.26844000
74.95277728,-7.85851600
74.99277728,-3.44859100
75.03277728,0.96133300
75.07277728,0.96133300
75.11277728,0.96133300
75.15277728,5.37125700
75.19277728,5.37125700
75.23277728,9.78118100
75.27277728,9.78118100
75.31277728,9.78118100
75.35277728,14.19111000
75.39277728,18.60103000
75.43277728,18.60103000
75.47277728,23.01095000
75.51277728,23.01095000
75.55277728,23.01095000
75.59277728,27.42088000
75.63277728,31.83080000
75.67277728,31.83080000
75.71277728,36.24073000
75.75277728,36.24073000
75.79277728,36.24073000
75.83277728,40.65065000
75.87277728,40.65065000
75.91277728,40.65065000
75.95277728,45.06058000
75.99277728,49.47050000
76.03277728,53.89569000
76.07277728,53.89569000
76.11277728,53.89569000
76.15277728,58.30561000
76.19277727,58.30561000
76.23277727,58.30561000
76.27277727,62.71553000
76.31277727,62.71553000
76.35277727,62.71553000
76.39277727,67.12546000
76.43277727,71.53539000
76.47277727,71.53539000
76.51277727,75.94530000
76.55277727,75.94530000
76.59277727,75.94530000
76.63277727,75.94530000
76.67277727,80.35523000
76.71277727,84.76515000
76.75277727,84.76515000
76.79277727,89.17508000
76.83277727,89.17508000
76.87277727,93.58500000
76.91277727,93.58500000
76.95277727,93.58500000
76.99277727,97.99493000
77.03277727,97.99493000
77.07277727,97.99493000
77.11277727,102.42010000
77.15277727,106.83000000
77.19277727,106.83000000
77.23277727,106.83000000
77.27277727,111.24000000
77.31277727,111.24000000
77.35277727,111.24000000
77.39277727,115.64990000
77.43277727,120.05980000
77.47277727,120.05980000
77.51277727,124.46970000
77.55277727,124.46970000
77.59277727,124.46970000
77.63277727,128.87970000
77.67277727,128.87970000
77.71277727,128.87970000
77.75277727,128.87970000
77.79277727,133.28960000
77.83277727,133.28960000
77.87277726,133.28960000
77.91277726,137.69950000
77.95277726,142.10940000
77.99277726,142.10940000
78.03277726,142.10940000
78.07277726,146.53460000
78.11277726,146.53460000
78.15277726,146.53460000
78.19277726,146.53460000
78.23277726,150.94450000
78.27277726,150.94450000
78.31277726,155.35450000
78.35277726,155.35450000
78.39277726,159.76440000
78.43277726,159.76440000
78.47277726,159.76440000
78.51277726,159.76440000
78.55277726,164.17430000
78.59277726,164.17430000
78.63277726,164.17430000
78.67277726,164.17430000
78.71277726,168.58420000
78.75277726,168.58420000
78.79277726,168.58420000
78.83277726,172.99420000
78.87277726,172.99420000
78.91277726,177.40410000
78.95277726,177.40410000
78.99277726,177.40410000
79.03277726,177.40410000
79.07277726,181.81400000
79.11277726,181.81400000
79.15277726,181.81400000
79.19277726,181.81400000
79.23277726,181.81400000
79.27277726,186.22390000
79.31277726,186.22390000
79.35277726,186.22390000
79.39277726,186.22390000
79.43277726,190.63390000
79.47277726,190.63390000
79.51277725,195.05900000
79.55277725,195.05900000
79.59277725,195.05900000
79.63277725,195.05900000
79.67277725,195.05900000
79.71277725,195.05900000
79.75277725,195.05900000
79.79277725,199.46900000
79.83277725,199.46900000
79.87277725,199.46900000
79.91277725,199.46900000
79.95277725,199.46900000
79.99277725,199.46900000
80.03277725,203.87890000
80.07277725,203.87890000
80.11277725,203.87890000
80.15277725,203.87890000
80.19277725,203.87890000
80.23277725,203.87890000
80.27277725,203.87890000
80.31277725,203.87890000
80.35277725,208.28880000
80.39277725,203.87890000
80.43277725,208.28880000
80.47277725,212.69870000
80.51277725,212.69870000
80.55277725,212.69870000
80.59277725,212.69870000
80.63277725,212.69870000
80.67277725,212.69870000
80.71277725,212.69870000
80.75277725,212.69870000
80.79277725,212.69870000
80.83277725,212.69870000
80.87277725,212.69870000
80.91277725,212.69870000
80.95277725,212.69870000
80.99277725,212.69870000
81.03277725,217.10870000
81.07277725,217.10870000
81.11277725,217.10870000
81.15277724,217.10870000
81.19277724,217.10870000
81.23277724,217.10870000
81.27277724,217.10870000
81.31277724,217.10870000
81.35277724,217.10870000
81.39277724,217.10870000
81.43277724,217.10870000
81.47277724,217.10870000
81.51277724,217.10870000
81.55277724,212.69870000
81.59277724,217.10870000
81.63277724,217.10870000
81.67277724,217.10870000
81.71277724,217.10870000
81.75277724,217.10870000
81.79277724,217.10870000
81.83277724,217.10870000
81.87277724,212.69870000
81.91277724,217.10870000
81.95277724,217.10870000
81.99277724,212.69870000
82.03277724,212.69870000
82.07277724,212.69870000
82.11277724,212.69870000
82.15277724,212.69870000
82.19277724,212.69870000
82.23277724,212.69870000
82.27277724,212.69870000
82.31277724,208.28880000
82.35277724,212.69870000
82.39277724,212.69870000
82.43277724,208.28880000
82.47277724,203.87890000
82.51277724,208.28880000
82.55277724,208.28880000
82.59277724,203.87890000
82.63277724,203.87890000
82.67277724,203.87890000
82.71277724,203.87890000
82.75277724,203.87890000
82.79277723,203.87890000
82.83277723,199.46900000
82.87277723,199.46900000
82.91277723,199.46900000
82.95277723,199.46900000
82.99277723,199.46900000
83.03277723,199.46900000
83.07277723,199.46900000
83.11277723,199.46900000
83.15277723,195.05900000
83.19277723,195.05900000
83.23277723,195.05900000
83.27277723,195.05900000
83.31277723,195.05900000
83.35277723,195.05900000
83.39277723,190.63390000
83.43277723,190.63390000
83.47277723,186.22390000
83.51277723,186.22390000
83.55277723,186.22390000
83.59277723,186.22390000
83.63277723,186.22390000
83.67277723,181.81400000
83.71277723,181.81400000
83.75277723,181.81400000
83.79277723,181.81400000
83.83277723,181.81400000
83.87277723,177.40410000
83.91277723,177.40410000
83.95277723,177.40410000
83.99277723,177.40410000
84.03277723,168.58420000
84.07277723,168.58420000
84.11277723,168.58420000
84.15277723,168.58420000
84.19277723,164.17430000
84.23277723,164.17430000
84.27277723,164.17430000
84.31277723,164.17430000
84.35277723,164.17430000
84.39277723,159.76440000
84.43277722,159.76440000
84.47277722,159.76440000
84.51277722,155.35450000
84.55277722,155.35450000
84.59277722,150.94450000
84.63277722,150.94450000
84.67277722,150.94450000
84.71277722,146.53460000
84.75277722,146.53460000
84.79277722,146.53460000
84.83277722,146.53460000
84.87277722,142.10940000
84.91277722,142.10940000
84.95277722,142.10940000
84.99277722,137.69950000
85.03277722,133.28960000
85.07277722,133.28960000
85.11277722,128.87970000
85.15277722,128.87970000
85.19277722,128.87970000
85.23277722,128.87970000
85.27277722,124.46970000
85.31277722,124.46970000
85.35277722,124.46970000
85.39277722,124.46970000
85.43277722,120.05980000
85.47277722,115.64990000
85.51277722,111.24000000
85.55277722,111.24000000
85.59277722,111.24000000
85.63277722,111.24000000
85.67277722,106.83000000
85.71277722,106.83000000
85.75277722,106.83000000
85.79277722,102.42010000
85.83277722,97.99493000
85.87277722,97.99493000
85.91277722,97.99493000
85.95277722,93.58500000
85.99277722,93.58500000
86.03277722,93.58500000
86.07277721,89.17508000
86.11277721,89.17508000
86.15277721,84.76515000
86.19277721,84.76515000
86.23277721,80.35523000
86.27277721,80.35523000
86.31277721,75.94530000
86.35277721,75.94530000
86.39277721,75.94530000
86.43277721,71.53539000
86.47277721,71.53539000
86.51277721,67.12546000
86.55277721,62.71553000
86.59277721,62.71553000
86.63277721,62.71553000
86.67277721,58.30561000
86.71277721,58.30561000
86.75277721,53.89569000
86.79277721,53.89569000
86.83277721,53.89569000
86.87277721,49.47050000
86.91277721,45.06058000
86.95277721,45.06058000
86.99277721,40.65065000
87.03277721,40.65065000
87.07277721,36.24073000
87.11277721,36.24073000
87.15277721,36.24073000
87.19277721,36.24073000
87.23277721,31.83080000
87.27277721,23.01095000
87.31277721,23.01095000
87.35277721,23.01095000
87.39277721,23.01095000
87.43277721,18.60103000
87.47277721,18.60103000
87.51277721,18.60103000
87.55277721,14.19111000
87.59277721,9.78118100
87.63277721,5.37125700
87.67277721,9.78118100
87.71277720,5.37125700
87.75277720,0.96133300
87.79277720,0.96133300
87.83277720,0.96133300
87.87277720,-3.44859100
87.91277720,-7.85851600
87.95277720,-7.85851600
87.99277720,-12.26844000
88.03277720,-12.26844000
88.07277720,-12.26844000
88.11277720,-16.67836000
88.15277720,-16.67836000
88.19277720,-21.08829000
88.23277720,-21.08829000
88.27277720,-25.49821000
88.31277720,-29.90814000
88.35277720,-29.90814000
88.39277720,-29.90814000
88.43277720,-34.31806000
88.47277720,-34.31806000
88.51277720,-38.72799000
88.55277720,-43.15317000
88.59277720,-43.15317000
88.63277720,-43.15317000
88.67277720,-47.56310000
88.71277720,-47.56310000
88.75277720,-47.56310000
88.79277720,-51.97302000
88.83277720,-51.97302000
88.87277720,-56.38294000
88.91277720,-56.38294000
88.95277720,-60.79287000
88.99277720,-65.20279000
89.03277720,-65.20279000
89.07277720,-65.20279000
89.11277720,-65.20279000
89.15277720,-69.61272000
89.19277720,-69.61272000
89.23277720,-74.02264000
89.27277720,-78.43256000
89.31277720,-78.43256000
89.35277720,-78.43256000
89.39277719,-82.84248000
89.43277719,-82.84248000
89.47277719,-82.84248000
89.51277719,-82.84248000
89.55277719,-87.25241000
89.59277719,-87.25241000
89.63277719,-91.67760000
89.67277719,-96.08752000
89.71277719,-96.08752000
89.75277719,-96.08752000
89.79277719,-100.49750000
89.83277719,-100.49750000
89.87277719,-100.49750000
89.91277719,-104.90740000
89.95277719,-104.90740000
89.99277719,-109.31730000
90.03277719,-109.31730000
90.07277719,-113.72720000
90.11277719,-118.13710000
90.15277719,-118.13710000
90.19277719,-118.13710000
90.23277719,-118.13710000
90.27277719,-122.54710000
90.31277719,-122.54710000
90.35277719,-122.54710000
90.39277719,-126.95700000
90.43277719,-126.95700000
90.47277719,-131.36690000
90.51277719,-131.36690000
90.55277719,-131.36690000
90.59277719,-135.79210000
90.63277719,-135.79210000
90.67277719,-135.79210000
90.71277719,-140.20200000
90.75277719,-140.20200000
90.79277719,-140.20200000
90.83277719,-140.20200000
90.87277719,-144.61190000
90.91277719,-149.02190000
90.95277719,-149.02190000
90.99277719,-149.02190000
91.03277718,-149.02190000
91.07277718,-153.43180000
91.11277718,-153.43180000
91.15277718,-153.43180000
91.19277718,-153.43180000
91.23277718,-157.84170000
91.27277718,-157.84170000
91.31277718,-157.84170000
91.35277718,-157.84170000
91.39277718,-162.25160000
91.43277718,-162.25160000
91.47277718,-166.66160000
91.51277718,-162.25160000
91.55277718,-166.66160000
91.59277718,-171.07150000
91.63277718,-171.07150000
91.67277718,-171.07150000
91.71277718,-171.07150000
91.75277718,-171.07150000
91.79277718,-171.07150000
91.83277718,-175.48140000
91.87277718,-175.48140000
91.91277718,-175.48140000
91.95277718,-175.48140000
91.99277718,-175.48140000
92.03277718,-184.31650000
92.07277718,-184.31650000
92.11277718,-184.31650000
92.15277718,-184.31650000
92.19277718,-184.31650000
92.23277718,-184.31650000
92.27277718,-188.72640000
92.31277718,-188.72640000
92.35277718,-188.72640000
92.39277718,-188.72640000
92.43277718,-188.72640000
92.47277718,-188.72640000
92.51277718,-188.72640000
92.55277718,-193.13640000
92.59277718,-193.13640000
92.63277718,-193.13640000
92.67277717,-193.13640000
92.71277717,-193.13640000
92.75277717,-193.13640000
92.79277717,-193.13640000
92.83277717,-193.13640000
92.87277717,-193.13640000
92.91277717,-197.54630000
92.95277717,-197.54630000
92.99277717,-197.54630000
93.03277717,-197.54630000
93.07277717,-201.95620000
93.11277717,-197.54630000
93.15277717,-201.95620000
93.19277717,-201.95620000
93.23277717,-201.95620000
93.27277717,-201.95620000
93.31277717,-201.95620000
93.35277717,-201.95620000
93.39277717,-201.95620000
93.43277717,-201.95620000
93.47277717,-201.95620000
93.51277717,-206.36610000
93.55277717,-201.95620000
93.59277717,-206.36610000
93.63277717,-201.95620000
93.67277717,-201.95620000
93.71277717,-201.95620000
93.75277717,-206.36610000
93.79277717,-206.36610000
93.83277717,-201.95620000
93.87277717,-206.36610000
93.91277717,-206.36610000
93.95277717,-206.36610000
93.99277717,-206.36610000
94.03277717,-201.95620000
94.07277717,-206.36610000
94.11277717,-206.36610000
94.15277717,-201.95620000
94.19277717,-201.95620000
94.23277717,-206.36610000
94.27277717,-201.95620000
94.31277716,-206.36610000
94.35277716,-201.95620000
94.39277716,-206.36610000
94.43277716,-206.36610000
94.47277716,-201.95620000
94.51277716,-201.95620000
94.55277716,-201.95620000
94.59277716,-201.95620000
94.63277716,-201.95620000
94.67277716,-201.95620000
94.71277716,-201.95620000
94.75277716,-201.95620000
94.79277716,-201.95620000
94.83277716,-201.95620000
94.87277716,-197.54630000
94.91277716,-197.54630000
94.95277716,-193.13640000
94.99277716,-193.13640000
95.03277716,-193.13640000
95.07277716,-197.54630000
95.11277716,-193.13640000
95.15277716,-193.13640000
95.19277716,-193.13640000
95.23277716,-193.13640000
95.27277716,-193.13640000
95.31277716,-193.13640000
95.35277716,-188.72640000
95.39277716,-188.72640000
95.43277716,-188.72640000
95.47277716,-188.72640000
95.51277716,-188.72640000
95.55277716,-188.72640000
95.59277716,-188.72640000
95.63277716,-188.72640000
95.67277716,-184.31650000
95.71277716,-184.31650000
95.75277716,-184.31650000
95.79277716,-184.31650000
95.83277716,-184.31650000
95.87277716,-179.89130000
95.91277716,-175.48140000
95.95277715,-175.48140000
95.99277715,-175.48140000
96.03277715,-175.48140000
96.07277715,-171.07150000
96.11277715,-171.07150000
96.15277715,-171.07150000
96.19277715,-171.07150000
96.23277715,-171.07150000
96.27277715,-171.07150000
96.31277715,-171.07150000
96.35277715,-166.66160000
96.39277715,-166.66160000
96.43277715,-162.25160000
96.47277715,-162.25160000
96.51277715,-162.25160000
96.55277715,-157.84170000
96.59277715,-157.84170000
96.63277715,-157.84170000
96.67277715,-157.84170000
96.71277715,-153.43180000
96.75277715,-153.43180000
96.79277715,-153.43180000
96.83277715,-153.43180000
96.87277715,-149.02190000
96.91277715,-149.02190000
96.95277715,-144.61190000
96.99277715,-144.61190000
97.03277715,-140.20200000
97.07277715,-140.20200000
97.11277715,-140.20200000
97.15277715,-140.20200000
97.19277715,-135.79210000
97.23277715,-135.79210000
97.27277715,-135.79210000
97.31277715,-135.79210000
97.35277715,-131.36690000
97.39277715,-131.36690000
97.43277715,-131.36690000
97.47277715,-126.95700000
97.51277715,-122.54710000
97.55277715,-122.54710000
97.59277714,-118.13710000
97.63277714,-122.54710000
97.67277714,-118.13710000
97.71277714,-118.13710000
97.75277714,-118.13710000
97.79277714,-113.72720000
97.83277714,-109.31730000
97.87277714,-109.31730000
97.91277714,-104.90740000
97.95277714,-104.90740000
97.99277714,-104.90740000
98.03277714,-100.49750000
98.07277714,-100.49750000
98.11277714,-100.49750000
98.15277714,-96.08752000
98.19277714,-96.08752000
98.23277714,-91.67760000
98.27277714,-91.67760000
98.31277714,-87.25241000
98.35277714,-87.25241000
98.39277714,-82.84248000
98.43277714,-82.84248000
98.47277714,-82.84248000
98.51277714,-82.84248000
98.55277714,-78.43256000
98.59277714,-78.43256000
98.63277714,-74.02264000
98.67277714,-69.61272000
98.71277714,-69.61272000
98.75277714,-69.61272000
98.79277714,-65.20279000
98.83277714,-65.20279000
98.87277714,-65.20279000
98.91277714,-60.79287000
98.95277714,-60.79287000
98.99277714,-56.38294000
99.03277714,-56.38294000
99.07277714,-51.97302000
99.11277714,-51.97302000
99.15277714,-47.56310000
99.19277714,-47.56310000
99.23277713,-47.56310000
99.27277713,-43.15317000
99.31277713,-43.15317000
99.35277713,-38.72799000
99.39277713,-34.31806000
99.43277713,-34.31806000
99.47277713,-29.90814000
99.51277713,-29.90814000
99.55277713,-29.90814000
99.59277713,-29.90814000
99.63277713,-25.49821000
99.67277713,-21.08829000
99.71277713,-16.67836000
99.75277713,-16.67836000
99.79277713,-16.67836000
99.83277713,-12.26844000
99.87277713,-12.26844000
99.91277713,-7.85851600
99.95277713,-7.85851600
99.99277713,-3.44859100
100.03277713,-3.44859100
