Time,Channel B
(us),(mV)

-100.08920071,-12.26844000
-100.04920071,-12.26844000
-100.00920071,-7.85851600
-99.96920071,-3.44859100
-99.92920072,0.96133300
-99.88920072,0.96133300
-99.84920072,5.37125700
-99.80920072,9.78118100
-99.76920072,14.19111000
-99.72920072,14.19111000
-99.68920072,18.60103000
-99.64920072,23.01095000
-99.60920072,23.01095000
-99.56920072,27.42088000
-99.52920072,27.42088000
-99.48920072,36.24073000
-99.44920072,40.65065000
-99.40920072,40.65065000
-99.36920072,40.65065000
-99.32920072,45.06058000
-99.28920072,49.47050000
-99.24920072,53.89569000
-99.20920072,53.89569000
-99.16920072,58.30561000
-99.12920072,58.30561000
-99.08920072,62.71553000
-99.04920072,67.12546000
-99.00920072,71.53539000
-98.96920072,75.94530000
-98.92920072,75.94530000
-98.88920072,80.35523000
-98.84920072,84.76515000
-98.80920072,84.76515000
-98.76920072,89.17508000
-98.72920072,93.58500000
-98.68920072,93.58500000
-98.64920072,97.99493000
-98.60920072,97.99493000
-98.56920072,102.42010000
-98.52920072,106.83000000
-98.48920072,111.24000000
-98.44920072,111.24000000
-98.40920072,115.64990000
-98.36920072,120.05980000
-98.32920072,124.46970000
-98.28920073,124.46970000
-98.24920073,128.87970000
-98.20920073,128.87970000
-98.16920073,133.28960000
-98.12920073,133.28960000
-98.08920073,137.69950000
-98.04920073,142.10940000
-98.00920073,146.53460000
-97.96920073,146.53460000
-97.92920073,146.53460000
-97.88920073,150.94450000
-97.84920073,155.35450000
-97.80920073,159.76440000
-97.76920073,159.76440000
-97.72920073,164.17430000
-97.68920073,164.17430000
-97.64920073,168.58420000
-97.60920073,168.58420000
-97.56920073,177.40410000
-97.52920073,177.40410000
-97.48920073,177.40410000
-97.44920073,181.81400000
-97.40920073,186.22390000
-97.36920073,186.22390000
-97.32920073,186.22390000
-97.28920073,195.05900000
-97.24920073,195.05900000
-97.20920073,195.05900000
-97.16920073,199.46900000
-97.12920073,199.46900000
-97.08920073,203.87890000
-97.04920073,203.87890000
-97.00920073,208.28880000
-96.96920073,208.28880000
-96.92920073,212.69870000
-96.88920073,217.10870000
-96.84920073,217.10870000
-96.80920073,217.10870000
-96.76920073,217.10870000
-96.72920073,221.51860000
-96.68920073,225.92850000
-96.64920074,225.92850000
-96.60920074,230.33840000
-96.56920074,234.74840000
-96.52920074,234.74840000
-96.48920074,234.74840000
-96.44920074,239.15830000
-96.40920074,239.15830000
-96.36920074,239.15830000
-96.32920074,247.99340000
-96.28920074,247.99340000
-96.24920074,247.99340000
-96.20920074,252.40330000
-96.16920074,252.40330000
-96.12920074,252.40330000
-96.08920074,256.81320000
-96.04920074,256.81320000
-96.00920074,256.81320000
-95.96920074,261.22310000
-95.92920074,265.63310000
-95.88920074,265.63310000
-95.84920074,265.63310000
-95.80920074,270.04300000
-95.76920074,270.04300000
-95.72920074,270.04300000
-95.68920074,274.45290000
-95.64920074,274.45290000
-95.60920074,274.45290000
-95.56920074,274.45290000
-95.52920074,278.86290000
-95.48920074,283.27280000
-95.44920074,283.27280000
-95.40920074,283.27280000
-95.36920074,287.69800000
-95.32920074,287.69800000
-95.28920074,287.69800000
-95.24920074,287.69800000
-95.20920074,287.69800000
-95.16920074,287.69800000
-95.12920074,292.10790000
-95.08920074,292.10790000
-95.04920074,292.10790000
-95.00920075,296.51780000
-94.96920075,296.51780000
-94.92920075,296.51780000
-94.88920075,300.92770000
-94.84920075,300.92770000
-94.80920075,300.92770000
-94.76920075,300.92770000
-94.72920075,300.92770000
-94.68920075,305.33770000
-94.64920075,305.33770000
-94.60920075,305.33770000
-94.56920075,305.33770000
-94.52920075,305.33770000
-94.48920075,305.33770000
-94.44920075,305.33770000
-94.40920075,305.33770000
-94.36920075,305.33770000
-94.32920075,309.74760000
-94.28920075,309.74760000
-94.24920075,309.74760000
-94.20920075,309.74760000
-94.16920075,309.74760000
-94.12920075,309.74760000
-94.08920075,314.15750000
-94.04920075,309.74760000
-94.00920075,314.15750000
-93.96920075,309.74760000
-93.92920075,309.74760000
-93.88920075,309.74760000
-93.84920075,314.15750000
-93.80920075,314.15750000
-93.76920075,318.56740000
-93.72920075,314.15750000
-93.68920075,314.15750000
-93.64920075,318.56740000
-93.60920075,314.15750000
-93.56920075,314.15750000
-93.52920075,318.56740000
-93.48920075,318.56740000
-93.44920075,314.15750000
-93.40920075,314.15750000
-93.36920075,318.56740000
-93.32920076,314.15750000
-93.28920076,309.74760000
-93.24920076,318.56740000
-93.20920076,314.15750000
-93.16920076,309.74760000
-93.12920076,309.74760000
-93.08920076,309.74760000
-93.04920076,309.74760000
-93.00920076,309.74760000
-92.96920076,309.74760000
-92.92920076,309.74760000
-92.88920076,309.74760000
-92.84920076,309.74760000
-92.80920076,305.33770000
-92.76920076,305.33770000
-92.72920076,305.33770000
-92.68920076,305.33770000
-92.64920076,305.33770000
-92.60920076,305.33770000
-92.56920076,305.33770000
-92.52920076,300.92770000
-92.48920076,300.92770000
-92.44920076,300.92770000
-92.40920076,300.92770000
-92.36920076,300.92770000
-92.32920076,296.51780000
-92.28920076,300.92770000
-92.24920076,296.51780000
-92.20920076,296.51780000
-92.16920076,296.51780000
-92.12920076,292.10790000
-92.08920076,292.10790000
-92.04920076,292.10790000
-92.00920076,287.69800000
-91.96920076,287.69800000
-91.92920076,287.69800000
-91.88920076,287.69800000
-91.84920076,287.69800000
-91.80920076,283.27280000
-91.76920076,283.27280000
-91.72920076,283.27280000
-91.68920077,283.27280000
-91.64920077,278.86290000
-91.60920077,274.45290000
-91.56920077,274.45290000
-91.52920077,274.45290000
-91.48920077,274.45290000
-91.44920077,270.04300000
-91.40920077,270.04300000
-91.36920077,270.04300000
-91.32920077,265.63310000
-91.28920077,265.63310000
-91.24920077,265.63310000
-91.20920077,261.22310000
-91.16920077,256.81320000
-91.12920077,256.81320000
-91.08920077,252.40330000
-91.04920077,252.40330000
-91.00920077,252.40330000
-90.96920077,247.99340000
-90.92920077,247.99340000
-90.88920077,243.58350000
-90.84920077,243.58350000
-90.80920077,239.15830000
-90.76920077,234.74840000
-90.72920077,239.15830000
-90.68920077,234.74840000
-90.64920077,230.33840000
-90.60920077,230.33840000
-90.56920077,230.33840000
-90.52920077,225.92850000
-90.48920077,221.51860000
-90.44920077,221.51860000
-90.40920077,217.10870000
-90.36920077,217.10870000
-90.32920077,217.10870000
-90.28920077,212.69870000
-90.24920077,212.69870000
-90.20920077,208.28880000
-90.16920077,203.87890000
-90.12920077,203.87890000
-90.08920077,199.46900000
-90.04920078,199.46900000
-90.00920078,199.46900000
-89.96920078,195.05900000
-89.92920078,190.63390000
-89.88920078,190.63390000
-89.84920078,186.22390000
-89.80920078,181.81400000
-89.76920078,181.81400000
-89.72920078,181.81400000
-89.68920078,177.40410000
-89.64920078,172.99420000
-89.60920078,172.99420000
-89.56920078,168.58420000
-89.52920078,164.17430000
-89.48920078,164.17430000
-89.44920078,164.17430000
-89.40920078,159.76440000
-89.36920078,155.35450000
-89.32920078,150.94450000
-89.28920078,146.53460000
-89.24920078,146.53460000
-89.20920078,146.53460000
-89.16920078,142.10940000
-89.12920078,137.69950000
-89.08920078,133.28960000
-89.04920078,128.87970000
-89.00920078,128.87970000
-88.96920078,128.87970000
-88.92920078,124.46970000
-88.88920078,124.46970000
-88.84920078,120.05980000
-88.80920078,115.64990000
-88.76920078,111.24000000
-88.72920078,111.24000000
-88.68920078,111.24000000
-88.64920078,106.83000000
-88.60920078,102.42010000
-88.56920078,93.58500000
-88.52920078,93.58500000
-88.48920078,93.58500000
-88.44920078,89.17508000
-88.40920079,84.76515000
-88.36920079,84.76515000
-88.32920079,80.35523000
-88.28920079,75.94530000
-88.24920079,75.94530000
-88.20920079,75.94530000
-88.16920079,71.53539000
-88.12920079,62.71553000
-88.08920079,62.71553000
-88.04920079,58.30561000
-88.00920079,58.30561000
-87.96920079,53.89569000
-87.92920079,49.47050000
-87.88920079,45.06058000
-87.84920079,45.06058000
-87.80920079,40.65065000
-87.76920079,40.65065000
-87.72920079,36.24073000
-87.68920079,31.83080000
-87.64920079,27.42088000
-87.60920079,23.01095000
-87.56920079,23.01095000
-87.52920079,18.60103000
-87.48920079,14.19111000
-87.44920079,14.19111000
-87.40920079,9.78118100
-87.36920079,5.37125700
-87.32920079,5.37125700
-87.28920079,0.96133300
-87.24920079,-3.44859100
-87.20920079,-7.85851600
-87.16920079,-7.85851600
-87.12920079,-12.26844000
-87.08920079,-12.26844000
-87.04920079,-16.67836000
-87.00920079,-21.08829000
-86.96920079,-21.08829000
-86.92920079,-29.90814000
-86.88920079,-29.90814000
-86.84920079,-34.31806000
-86.80920079,-38.72799000
-86.76920080,-43.15317000
-86.72920080,-43.15317000
-86.68920080,-47.56310000
-86.64920080,-47.56310000
-86.60920080,-51.97302000
-86.56920080,-51.97302000
-86.52920080,-60.79287000
-86.48920080,-65.20279000
-86.44920080,-65.20279000
-86.40920080,-65.20279000
-86.36920080,-69.61272000
-86.32920080,-74.02264000
-86.28920080,-78.43256000
-86.24920080,-78.43256000
-86.20920080,-82.84248000
-86.16920080,-82.84248000
-86.12920080,-87.25241000
-86.08920080,-87.25241000
-86.04920080,-96.08752000
-86.00920080,-96.08752000
-85.96920080,-100.49750000
-85.92920080,-100.49750000
-85.88920080,-104.90740000
-85.84920080,-109.31730000
-85.80920080,-113.72720000
-85.76920080,-113.72720000
-85.72920080,-118.13710000
-85.68920080,-118.13710000
-85.64920080,-122.54710000
-85.60920080,-126.95700000
-85.56920080,-131.36690000
-85.52920080,-131.36690000
-85.48920080,-135.79210000
-85.44920080,-135.79210000
-85.40920080,-140.20200000
-85.36920080,-140.20200000
-85.32920080,-144.61190000
-85.28920080,-149.02190000
-85.24920080,-153.43180000
-85.20920080,-153.43180000
-85.16920080,-153.43180000
-85.12920081,-157.84170000
-85.08920081,-157.84170000
-85.04920081,-162.25160000
-85.00920081,-166.66160000
-84.96920081,-171.07150000
-84.92920081,-171.07150000
-84.88920081,-175.48140000
-84.84920081,-175.48140000
-84.80920081,-175.48140000
-84.76920081,-184.31650000
-84.72920081,-184.31650000
-84.68920081,-188.72640000
-84.64920081,-188.72640000
-84.60920081,-188.72640000
-84.56920081,-193.13640000
-84.52920081,-193.13640000
-84.48920081,-197.54630000
-84.44920081,-201.95620000
-84.40920081,-206.36610000
-84.36920081,-206.36610000
-84.32920081,-206.36610000
-84.28920081,-206.36610000
-84.24920081,-210.77610000
-84.20920081,-210.77610000
-84.16920081,-219.59590000
-84.12920081,-219.59590000
-84.08920081,-224.00580000
-84.04920081,-224.00580000
-84.00920081,-224.00580000
-83.96920081,-224.00580000
-83.92920081,-228.41580000
-83.88920081,-228.41580000
-83.84920081,-232.84100000
-83.80920081,-232.84100000
-83.76920081,-237.25090000
-83.72920081,-237.25090000
-83.68920081,-241.66080000
-83.64920081,-241.66080000
-83.60920081,-241.66080000
-83.56920081,-241.66080000
-83.52920081,-246.07070000
-83.48920082,-246.07070000
-83.44920082,-254.89060000
-83.40920082,-254.89060000
-83.36920082,-254.89060000
-83.32920082,-259.30050000
-83.28920082,-259.30050000
-83.24920082,-259.30050000
-83.20920082,-259.30050000
-83.16920082,-263.71040000
-83.12920082,-263.71040000
-83.08920082,-263.71040000
-83.04920082,-268.12040000
-83.00920082,-268.12040000
-82.96920082,-272.53030000
-82.92920082,-272.53030000
-82.88920082,-272.53030000
-82.84920082,-276.95550000
-82.80920082,-276.95550000
-82.76920082,-276.95550000
-82.72920082,-276.95550000
-82.68920082,-276.95550000
-82.64920082,-281.36540000
-82.60920082,-281.36540000
-82.56920082,-281.36540000
-82.52920082,-285.77530000
-82.48920082,-281.36540000
-82.44920082,-285.77530000
-82.40920082,-285.77530000
-82.36920082,-290.18520000
-82.32920082,-290.18520000
-82.28920082,-290.18520000
-82.24920082,-294.59520000
-82.20920082,-294.59520000
-82.16920082,-294.59520000
-82.12920082,-294.59520000
-82.08920082,-294.59520000
-82.04920082,-294.59520000
-82.00920082,-294.59520000
-81.96920082,-294.59520000
-81.92920082,-294.59520000
-81.88920082,-294.59520000
-81.84920082,-294.59520000
-81.80920083,-299.00510000
-81.76920083,-299.00510000
-81.72920083,-299.00510000
-81.68920083,-299.00510000
-81.64920083,-299.00510000
-81.60920083,-299.00510000
-81.56920083,-299.00510000
-81.52920083,-299.00510000
-81.48920083,-299.00510000
-81.44920083,-299.00510000
-81.40920083,-303.41500000
-81.36920083,-303.41500000
-81.32920083,-303.41500000
-81.28920083,-303.41500000
-81.24920083,-303.41500000
-81.20920083,-303.41500000
-81.16920083,-303.41500000
-81.12920083,-303.41500000
-81.08920083,-303.41500000
-81.04920083,-303.41500000
-81.00920083,-303.41500000
-80.96920083,-303.41500000
-80.92920083,-303.41500000
-80.88920083,-303.41500000
-80.84920083,-303.41500000
-80.80920083,-299.00510000
-80.76920083,-299.00510000
-80.72920083,-299.00510000
-80.68920083,-299.00510000
-80.64920083,-299.00510000
-80.60920083,-299.00510000
-80.56920083,-299.00510000
-80.52920083,-299.00510000
-80.48920083,-299.00510000
-80.44920083,-299.00510000
-80.40920083,-299.00510000
-80.36920083,-299.00510000
-80.32920083,-294.59520000
-80.28920083,-294.59520000
-80.24920083,-294.59520000
-80.20920083,-294.59520000
-80.16920084,-294.59520000
-80.12920084,-294.59520000
-80.08920084,-294.59520000
-80.04920084,-290.18520000
-80.00920084,-294.59520000
-79.96920084,-294.59520000
-79.92920084,-290.18520000
-79.88920084,-290.18520000
-79.84920084,-290.18520000
-79.80920084,-290.18520000
-79.76920084,-285.77530000
-79.72920084,-285.77530000
-79.68920084,-281.36540000
-79.64920084,-281.36540000
-79.60920084,-281.36540000
-79.56920084,-281.36540000
-79.52920084,-281.36540000
-79.48920084,-276.95550000
-79.44920084,-276.95550000
-79.40920084,-276.95550000
-79.36920084,-272.53030000
-79.32920084,-276.95550000
-79.28920084,-272.53030000
-79.24920084,-272.53030000
-79.20920084,-268.12040000
-79.16920084,-268.12040000
-79.12920084,-268.12040000
-79.08920084,-263.71040000
-79.04920084,-263.71040000
-79.00920084,-259.30050000
-78.96920084,-259.30050000
-78.92920084,-259.30050000
-78.88920084,-259.30050000
-78.84920084,-254.89060000
-78.80920084,-254.89060000
-78.76920084,-254.89060000
-78.72920084,-250.48060000
-78.68920084,-246.07070000
-78.64920084,-246.07070000
-78.60920084,-246.07070000
-78.56920084,-241.66080000
-78.52920085,-241.66080000
-78.48920085,-241.66080000
-78.44920085,-237.25090000
-78.40920085,-232.84100000
-78.36920085,-232.84100000
-78.32920085,-228.41580000
-78.28920085,-228.41580000
-78.24920085,-228.41580000
-78.20920085,-224.00580000
-78.16920085,-224.00580000
-78.12920085,-224.00580000
-78.08920085,-219.59590000
-78.04920085,-215.18600000
-78.00920085,-210.77610000
-77.96920085,-210.77610000
-77.92920085,-210.77610000
-77.88920085,-206.36610000
-77.84920085,-206.36610000
-77.80920085,-206.36610000
-77.76920085,-201.95620000
-77.72920085,-201.95620000
-77.68920085,-197.54630000
-77.64920085,-193.13640000
-77.60920085,-193.13640000
-77.56920085,-188.72640000
-77.52920085,-188.72640000
-77.48920085,-184.31650000
-77.44920085,-184.31650000
-77.40920085,-179.89130000
-77.36920085,-175.48140000
-77.32920085,-175.48140000
-77.28920085,-171.07150000
-77.24920085,-171.07150000
-77.20920085,-166.66160000
-77.16920085,-166.66160000
-77.12920085,-162.25160000
-77.08920085,-157.84170000
-77.04920085,-157.84170000
-77.00920085,-153.43180000
-76.96920085,-153.43180000
-76.92920085,-149.02190000
-76.88920086,-149.02190000
-76.84920086,-140.20200000
-76.80920086,-140.20200000
-76.76920086,-135.79210000
-76.72920086,-135.79210000
-76.68920086,-135.79210000
-76.64920086,-131.36690000
-76.60920086,-126.95700000
-76.56920086,-122.54710000
-76.52920086,-122.54710000
-76.48920086,-118.13710000
-76.44920086,-118.13710000
-76.40920086,-113.72720000
-76.36920086,-109.31730000
-76.32920086,-104.90740000
-76.28920086,-100.49750000
-76.24920086,-100.49750000
-76.20920086,-100.49750000
-76.16920086,-96.08752000
-76.12920086,-91.67760000
-76.08920086,-87.25241000
-76.04920086,-87.25241000
-76.00920086,-82.84248000
-75.96920086,-82.84248000
-75.92920086,-78.43256000
-75.88920086,-74.02264000
-75.84920086,-69.61272000
-75.80920086,-65.20279000
-75.76920086,-65.20279000
-75.72920086,-60.79287000
-75.68920086,-56.38294000
-75.64920086,-56.38294000
-75.60920086,-51.97302000
-75.56920086,-47.56310000
-75.52920086,-47.56310000
-75.48920086,-47.56310000
-75.44920086,-43.15317000
-75.40920086,-38.72799000
-75.36920086,-34.31806000
-75.32920086,-34.31806000
-75.28920086,-29.90814000
-75.24920087,-25.49821000
-75.20920087,-25.49821000
-75.16920087,-21.08829000
-75.12920087,-16.67836000
-75.08920087,-12.26844000
-75.04920087,-12.26844000
-75.00920087,-7.85851600
-74.96920087,-3.44859100
-74.92920087,0.96133300
-74.88920087,5.37125700
-74.84920087,5.37125700
-74.80920087,9.78118100
-74.76920087,9.78118100
-74.72920087,18.60103000
-74.68920087,18.60103000
-74.64920087,23.01095000
-74.60920087,23.01095000
-74.56920087,27.42088000
-74.52920087,31.83080000
-74.48920087,36.24073000
-74.44920087,36.24073000
-74.40920087,40.65065000
-74.36920087,40.65065000
-74.32920087,45.06058000
-74.28920087,49.47050000
-74.24920087,53.89569000
-74.20920087,53.89569000
-74.16920087,58.30561000
-74.12920087,62.71553000
-74.08920087,62.71553000
-74.04920087,67.12546000
-74.00920087,71.53539000
-73.96920087,75.94530000
-73.92920087,75.94530000
-73.88920087,80.35523000
-73.84920087,80.35523000
-73.80920087,84.76515000
-73.76920087,89.17508000
-73.72920087,93.58500000
-73.68920087,93.58500000
-73.64920087,97.99493000
-73.60920088,97.99493000
-73.56920088,102.42010000
-73.52920088,106.83000000
-73.48920088,111.24000000
-73.44920088,111.24000000
-73.40920088,115.64990000
-73.36920088,115.64990000
-73.32920088,120.05980000
-73.28920088,124.46970000
-73.24920088,128.87970000
-73.20920088,128.87970000
-73.16920088,133.28960000
-73.12920088,133.28960000
-73.08920088,137.69950000
-73.04920088,142.10940000
-73.00920088,146.53460000
-72.96920088,146.53460000
-72.92920088,146.53460000
-72.88920088,150.94450000
-72.84920088,155.35450000
-72.80920088,155.35450000
-72.76920088,159.76440000
-72.72920088,164.17430000
-72.68920088,164.17430000
-72.64920088,164.17430000
-72.60920088,168.58420000
-72.56920088,177.40410000
-72.52920088,177.40410000
-72.48920088,177.40410000
-72.44920088,181.81400000
-72.40920088,181.81400000
-72.36920088,186.22390000
-72.32920088,186.22390000
-72.28920088,190.63390000
-72.24920088,195.05900000
-72.20920088,195.05900000
-72.16920088,199.46900000
-72.12920088,199.46900000
-72.08920088,203.87890000
-72.04920088,203.87890000
-72.00920088,208.28880000
-71.96920089,212.69870000
-71.92920089,212.69870000
-71.88920089,217.10870000
-71.84920089,217.10870000
-71.80920089,221.51860000
-71.76920089,221.51860000
-71.72920089,221.51860000
-71.68920089,225.92850000
-71.64920089,230.33840000
-71.60920089,230.33840000
-71.56920089,234.74840000
-71.52920089,234.74840000
-71.48920089,234.74840000
-71.44920089,239.15830000
-71.40920089,239.15830000
-71.36920089,243.58350000
-71.32920089,243.58350000
-71.28920089,247.99340000
-71.24920089,247.99340000
-71.20920089,247.99340000
-71.16920089,252.40330000
-71.12920089,252.40330000
-71.08920089,252.40330000
-71.04920089,256.81320000
-71.00920089,261.22310000
-70.96920089,261.22310000
-70.92920089,265.63310000
-70.88920089,265.63310000
-70.84920089,270.04300000
-70.80920089,270.04300000
-70.76920089,270.04300000
-70.72920089,270.04300000
-70.68920089,274.45290000
-70.64920089,274.45290000
-70.60920089,274.45290000
-70.56920089,278.86290000
-70.52920089,283.27280000
-70.48920089,283.27280000
-70.44920089,283.27280000
-70.40920089,283.27280000
-70.36920089,283.27280000
-70.32920090,287.69800000
-70.28920090,287.69800000
-70.24920090,287.69800000
-70.20920090,287.69800000
-70.16920090,287.69800000
-70.12920090,292.10790000
-70.08920090,292.10790000
-70.04920090,292.10790000
-70.00920090,296.51780000
-69.96920090,296.51780000
-69.92920090,296.51780000
-69.88920090,296.51780000
-69.84920090,296.51780000
-69.80920090,300.92770000
-69.76920090,300.92770000
-69.72920090,300.92770000
-69.68920090,305.33770000
-69.64920090,305.33770000
-69.60920090,305.33770000
-69.56920090,305.33770000
-69.52920090,305.33770000
-69.48920090,305.33770000
-69.44920090,305.33770000
-69.40920090,305.33770000
-69.36920090,305.33770000
-69.32920090,305.33770000
-69.28920090,309.74760000
-69.24920090,305.33770000
-69.20920090,309.74760000
-69.16920090,309.74760000
-69.12920090,309.74760000
-69.08920090,309.74760000
-69.04920090,314.15750000
-69.00920090,309.74760000
-68.96920090,314.15750000
-68.92920090,314.15750000
-68.88920090,314.15750000
-68.84920090,314.15750000
-68.80920090,314.15750000
-68.76920090,309.74760000
-68.72920090,314.15750000
-68.68920090,314.15750000
-68.64920091,314.15750000
-68.60920091,314.15750000
-68.56920091,318.56740000
-68.52920091,318.56740000
-68.48920091,314.15750000
-68.44920091,318.56740000
-68.40920091,318.56740000
-68.36920091,314.15750000
-68.32920091,314.15750000
-68.28920091,309.74760000
-68.24920091,309.74760000
-68.20920091,309.74760000
-68.16920091,309.74760000
-68.12920091,309.74760000
-68.08920091,314.15750000
-68.04920091,309.74760000
-68.00920091,309.74760000
-67.96920091,309.74760000
-67.92920091,309.74760000
-67.88920091,305.33770000
-67.84920091,305.33770000
-67.80920091,309.74760000
-67.76920091,305.33770000
-67.72920091,305.33770000
-67.68920091,305.33770000
-67.64920091,305.33770000
-67.60920091,305.33770000
-67.56920091,305.33770000
-67.52920091,300.92770000
-67.48920091,305.33770000
-67.44920091,300.92770000
-67.40920091,300.92770000
-67.36920091,300.92770000
-67.32920091,300.92770000
-67.28920091,300.92770000
-67.24920091,296.51780000
-67.20920091,296.51780000
-67.16920091,292.10790000
-67.12920091,292.10790000
-67.08920091,292.10790000
-67.04920091,292.10790000
-67.00920092,287.69800000
-66.96920092,287.69800000
-66.92920092,287.69800000
-66.88920092,287.69800000
-66.84920092,287.69800000
-66.80920092,283.27280000
-66.76920092,283.27280000
-66.72920092,278.86290000
-66.68920092,278.86290000
-66.64920092,278.86290000
-66.60920092,274.45290000
-66.56920092,274.45290000
-66.52920092,270.04300000
-66.48920092,270.04300000
-66.44920092,270.04300000
-66.40920092,270.04300000
-66.36920092,270.04300000
-66.32920092,265.63310000
-66.28920092,265.63310000
-66.24920092,265.63310000
-66.20920092,261.22310000
-66.16920092,256.81320000
-66.12920092,256.81320000
-66.08920092,252.40330000
-66.04920092,252.40330000
-66.00920092,252.40330000
-65.96920092,252.40330000
-65.92920092,247.99340000
-65.88920092,243.58350000
-65.84920092,239.15830000
-65.80920092,239.15830000
-65.76920092,234.74840000
-65.72920092,234.74840000
-65.68920092,234.74840000
-65.64920092,234.74840000
-65.60920092,230.33840000
-65.56920092,230.33840000
-65.52920092,225.92850000
-65.48920092,225.92850000
-65.44920092,221.51860000
-65.40920092,217.10870000
-65.36920093,217.10870000
-65.32920093,217.10870000
-65.28920093,212.69870000
-65.24920093,212.69870000
-65.20920093,208.28880000
-65.16920093,203.87890000
-65.12920093,203.87890000
-65.08920093,199.46900000
-65.04920093,199.46900000
-65.00920093,199.46900000
-64.96920093,195.05900000
-64.92920093,195.05900000
-64.88920093,190.63390000
-64.84920093,186.22390000
-64.80920093,181.81400000
-64.76920093,181.81400000
-64.72920093,181.81400000
-64.68920093,177.40410000
-64.64920093,177.40410000
-64.60920093,168.58420000
-64.56920093,168.58420000
-64.52920093,164.17430000
-64.48920093,164.17430000
-64.44920093,159.76440000
-64.40920093,159.76440000
-64.36920093,155.35450000
-64.32920093,150.94450000
-64.28920093,146.53460000
-64.24920093,146.53460000
-64.20920093,146.53460000
-64.16920093,142.10940000
-64.12920093,137.69950000
-64.08920093,133.28960000
-64.04920093,133.28960000
-64.00920093,128.87970000
-63.96920093,128.87970000
-63.92920093,124.46970000
-63.88920093,124.46970000
-63.84920093,120.05980000
-63.80920093,115.64990000
-63.76920093,111.24000000
-63.72920094,111.24000000
-63.68920094,106.83000000
-63.64920094,106.83000000
-63.60920094,97.99493000
-63.56920094,97.99493000
-63.52920094,93.58500000
-63.48920094,93.58500000
-63.44920094,89.17508000
-63.40920094,89.17508000
-63.36920094,84.76515000
-63.32920094,80.35523000
-63.28920094,75.94530000
-63.24920094,75.94530000
-63.20920094,71.53539000
-63.16920094,71.53539000
-63.12920094,62.71553000
-63.08920094,62.71553000
-63.04920094,58.30561000
-63.00920094,53.89569000
-62.96920094,53.89569000
-62.92920094,49.47050000
-62.88920094,45.06058000
-62.84920094,40.65065000
-62.80920094,40.65065000
-62.76920094,36.24073000
-62.72920094,36.24073000
-62.68920094,31.83080000
-62.64920094,27.42088000
-62.60920094,23.01095000
-62.56920094,23.01095000
-62.52920094,18.60103000
-62.48920094,18.60103000
-62.44920094,9.78118100
-62.40920094,9.78118100
-62.36920094,5.37125700
-62.32920094,5.37125700
-62.28920094,0.96133300
-62.24920094,-3.44859100
-62.20920094,-7.85851600
-62.16920094,-12.26844000
-62.12920094,-12.26844000
-62.08920095,-12.26844000
-62.04920095,-16.67836000
-62.00920095,-21.08829000
-61.96920095,-25.49821000
-61.92920095,-29.90814000
-61.88920095,-29.90814000
-61.84920095,-34.31806000
-61.80920095,-34.31806000
-61.76920095,-43.15317000
-61.72920095,-43.15317000
-61.68920095,-47.56310000
-61.64920095,-47.56310000
-61.60920095,-51.97302000
-61.56920095,-56.38294000
-61.52920095,-60.79287000
-61.48920095,-60.79287000
-61.44920095,-65.20279000
-61.40920095,-65.20279000
-61.36920095,-69.61272000
-61.32920095,-74.02264000
-61.28920095,-78.43256000
-61.24920095,-82.84248000
-61.20920095,-82.84248000
-61.16920095,-82.84248000
-61.12920095,-87.25241000
-61.08920095,-91.67760000
-61.04920095,-91.67760000
-61.00920095,-100.49750000
-60.96920095,-100.49750000
-60.92920095,-100.49750000
-60.88920095,-104.90740000
-60.84920095,-109.31730000
-60.80920095,-109.31730000
-60.76920095,-118.13710000
-60.72920095,-118.13710000
-60.68920095,-122.54710000
-60.64920095,-122.54710000
-60.60920095,-126.95700000
-60.56920095,-131.36690000
-60.52920095,-131.36690000
-60.48920095,-135.79210000
-60.44920096,-135.79210000
-60.40920096,-140.20200000
-60.36920096,-140.20200000
-60.32920096,-144.61190000
-60.28920096,-149.02190000
-60.24920096,-149.02190000
-60.20920096,-153.43180000
-60.16920096,-153.43180000
-60.12920096,-157.84170000
-60.08920096,-162.25160000
-60.04920096,-162.25160000
-60.00920096,-166.66160000
-59.96920096,-171.07150000
-59.92920096,-171.07150000
-59.88920096,-175.48140000
-59.84920096,-175.48140000
-59.80920096,-179.89130000
-59.76920096,-184.31650000
-59.72920096,-184.31650000
-59.68920096,-188.72640000
-59.64920096,-188.72640000
-59.60920096,-188.72640000
-59.56920096,-193.13640000
-59.52920096,-197.54630000
-59.48920096,-197.54630000
-59.44920096,-201.95620000
-59.40920096,-206.36610000
-59.36920096,-206.36610000
-59.32920096,-206.36610000
-59.28920096,-206.36610000
-59.24920096,-210.77610000
-59.20920096,-215.18600000
-59.16920096,-215.18600000
-59.12920096,-219.59590000
-59.08920096,-224.00580000
-59.04920096,-224.00580000
-59.00920096,-224.00580000
-58.96920096,-228.41580000
-58.92920096,-228.41580000
-58.88920096,-232.84100000
-58.84920096,-232.84100000
-58.80920097,-237.25090000
-58.76920097,-237.25090000
-58.72920097,-237.25090000
-58.68920097,-241.66080000
-58.64920097,-241.66080000
-58.60920097,-246.07070000
-58.56920097,-246.07070000
-58.52920097,-246.07070000
-58.48920097,-250.48060000
-58.44920097,-250.48060000
-58.40920097,-250.48060000
-58.36920097,-254.89060000
-58.32920097,-259.30050000
-58.28920097,-259.30050000
-58.24920097,-259.30050000
-58.20920097,-263.71040000
-58.16920097,-263.71040000
-58.12920097,-263.71040000
-58.08920097,-263.71040000
-58.04920097,-263.71040000
-58.00920097,-272.53030000
-57.96920097,-268.12040000
-57.92920097,-272.53030000
-57.88920097,-272.53030000
-57.84920097,-276.95550000
-57.80920097,-276.95550000
-57.76920097,-276.95550000
-57.72920097,-276.95550000
-57.68920097,-276.95550000
-57.64920097,-281.36540000
-57.60920097,-281.36540000
-57.56920097,-281.36540000
-57.52920097,-281.36540000
-57.48920097,-285.77530000
-57.44920097,-285.77530000
-57.40920097,-290.18520000
-57.36920097,-285.77530000
-57.32920097,-290.18520000
-57.28920097,-290.18520000
-57.24920097,-290.18520000
-57.20920097,-294.59520000
-57.16920097,-294.59520000
-57.12920098,-294.59520000
-57.08920098,-294.59520000
-57.04920098,-294.59520000
-57.00920098,-294.59520000
-56.96920098,-294.59520000
-56.92920098,-294.59520000
-56.88920098,-299.00510000
-56.84920098,-299.00510000
-56.80920098,-294.59520000
-56.76920098,-299.00510000
-56.72920098,-299.00510000
-56.68920098,-299.00510000
-56.64920098,-299.00510000
-56.60920098,-299.00510000
-56.56920098,-299.00510000
-56.52920098,-299.00510000
-56.48920098,-299.00510000
-56.44920098,-299.00510000
-56.40920098,-299.00510000
-56.36920098,-303.41500000
-56.32920098,-303.41500000
-56.28920098,-299.00510000
-56.24920098,-303.41500000
-56.20920098,-303.41500000
-56.16920098,-303.41500000
-56.12920098,-303.41500000
-56.08920098,-303.41500000
-56.04920098,-303.41500000
-56.00920098,-303.41500000
-55.96920098,-299.00510000
-55.92920098,-303.41500000
-55.88920098,-303.41500000
-55.84920098,-299.00510000
-55.80920098,-303.41500000
-55.76920098,-299.00510000
-55.72920098,-303.41500000
-55.68920098,-303.41500000
-55.64920098,-299.00510000
-55.60920098,-299.00510000
-55.56920098,-299.00510000
-55.52920098,-299.00510000
-55.48920099,-299.00510000
-55.44920099,-299.00510000
-55.40920099,-299.00510000
-55.36920099,-299.00510000
-55.32920099,-294.59520000
-55.28920099,-294.59520000
-55.24920099,-294.59520000
-55.20920099,-294.59520000
-55.16920099,-294.59520000
-55.12920099,-294.59520000
-55.08920099,-294.59520000
-55.04920099,-294.59520000
-55.00920099,-290.18520000
-54.96920099,-290.18520000
-54.92920099,-290.18520000
-54.88920099,-290.18520000
-54.84920099,-290.18520000
-54.80920099,-285.77530000
-54.76920099,-285.77530000
-54.72920099,-285.77530000
-54.68920099,-281.36540000
-54.64920099,-281.36540000
-54.60920099,-281.36540000
-54.56920099,-281.36540000
-54.52920099,-276.95550000
-54.48920099,-276.95550000
-54.44920099,-276.95550000
-54.40920099,-276.95550000
-54.36920099,-276.95550000
-54.32920099,-272.53030000
-54.28920099,-272.53030000
-54.24920099,-272.53030000
-54.20920099,-268.12040000
-54.16920099,-268.12040000
-54.12920099,-263.71040000
-54.08920099,-263.71040000
-54.04920099,-263.71040000
-54.00920099,-259.30050000
-53.96920099,-259.30050000
-53.92920099,-259.30050000
-53.88920099,-259.30050000
-53.84920100,-259.30050000
-53.80920100,-254.89060000
-53.76920100,-246.07070000
-53.72920100,-246.07070000
-53.68920100,-246.07070000
-53.64920100,-246.07070000
-53.60920100,-241.66080000
-53.56920100,-241.66080000
-53.52920100,-241.66080000
-53.48920100,-241.66080000
-53.44920100,-237.25090000
-53.40920100,-237.25090000
-53.36920100,-232.84100000
-53.32920100,-232.84100000
-53.28920100,-228.41580000
-53.24920100,-228.41580000
-53.20920100,-224.00580000
-53.16920100,-224.00580000
-53.12920100,-224.00580000
-53.08920100,-219.59590000
-53.04920100,-219.59590000
-53.00920100,-215.18600000
-52.96920100,-210.77610000
-52.92920100,-210.77610000
-52.88920100,-206.36610000
-52.84920100,-206.36610000
-52.80920100,-206.36610000
-52.76920100,-201.95620000
-52.72920100,-197.54630000
-52.68920100,-193.13640000
-52.64920100,-193.13640000
-52.60920100,-188.72640000
-52.56920100,-188.72640000
-52.52920100,-188.72640000
-52.48920100,-184.31650000
-52.44920100,-184.31650000
-52.40920100,-179.89130000
-52.36920100,-175.48140000
-52.32920100,-175.48140000
-52.28920100,-171.07150000
-52.24920100,-171.07150000
-52.20920101,-166.66160000
-52.16920101,-166.66160000
-52.12920101,-162.25160000
-52.08920101,-157.84170000
-52.04920101,-153.43180000
-52.00920101,-153.43180000
-51.96920101,-153.43180000
-51.92920101,-149.02190000
-51.88920101,-149.02190000
-51.84920101,-144.61190000
-51.80920101,-140.20200000
-51.76920101,-135.79210000
-51.72920101,-135.79210000
-51.68920101,-135.79210000
-51.64920101,-131.36690000
-51.60920101,-126.95700000
-51.56920101,-122.54710000
-51.52920101,-122.54710000
-51.48920101,-118.13710000
-51.44920101,-118.13710000
-51.40920101,-113.72720000
-51.36920101,-109.31730000
-51.32920101,-104.90740000
-51.28920101,-104.90740000
-51.24920101,-100.49750000
-51.20920101,-100.49750000
-51.16920101,-96.08752000
-51.12920101,-91.67760000
-51.08920101,-87.25241000
-51.04920101,-82.84248000
-51.00920101,-82.84248000
-50.96920101,-82.84248000
-50.92920101,-78.43256000
-50.88920101,-74.02264000
-50.84920101,-69.61272000
-50.80920101,-69.61272000
-50.76920101,-65.20279000
-50.72920101,-65.20279000
-50.68920101,-60.79287000
-50.64920101,-56.38294000
-50.60920101,-56.38294000
-50.56920102,-51.97302000
-50.52920102,-47.56310000
-50.48920102,-47.56310000
-50.44920102,-43.15317000
-50.40920102,-38.72799000
-50.36920102,-34.31806000
-50.32920102,-29.90814000
-50.28920102,-29.90814000
-50.24920102,-25.49821000
-50.20920102,-21.08829000
-50.16920102,-16.67836000
-50.12920102,-12.26844000
-50.08920102,-12.26844000
-50.04920102,-12.26844000
-50.00920102,-7.85851600
-49.96920102,-3.44859100
-49.92920102,0.96133300
-49.88920102,5.37125700
-49.84920102,5.37125700
-49.80920102,9.78118100
-49.76920102,9.78118100
-49.72920102,18.60103000
-49.68920102,18.60103000
-49.64920102,23.01095000
-49.60920102,23.01095000
-49.56920102,23.01095000
-49.52920102,31.83080000
-49.48920102,36.24073000
-49.44920102,36.24073000
-49.40920102,40.65065000
-49.36920102,45.06058000
-49.32920102,45.06058000
-49.28920102,49.47050000
-49.24920102,53.89569000
-49.20920102,58.30561000
-49.16920102,58.30561000
-49.12920102,62.71553000
-49.08920102,62.71553000
-49.04920102,71.53539000
-49.00920102,71.53539000
-48.96920102,75.94530000
-48.92920103,75.94530000
-48.88920103,75.94530000
-48.84920103,84.76515000
-48.80920103,89.17508000
-48.76920103,89.17508000
-48.72920103,93.58500000
-48.68920103,93.58500000
-48.64920103,97.99493000
-48.60920103,102.42010000
-48.56920103,102.42010000
-48.52920103,106.83000000
-48.48920103,111.24000000
-48.44920103,111.24000000
-48.40920103,115.64990000
-48.36920103,115.64990000
-48.32920103,124.46970000
-48.28920103,124.46970000
-48.24920103,128.87970000
-48.20920103,128.87970000
-48.16920103,133.28960000
-48.12920103,133.28960000
-48.08920103,137.69950000
-48.04920103,142.10940000
-48.00920103,142.10940000
-47.96920103,146.53460000
-47.92920103,146.53460000
-47.88920103,150.94450000
-47.84920103,155.35450000
-47.80920103,159.76440000
-47.76920103,159.76440000
-47.72920103,164.17430000
-47.68920103,164.17430000
-47.64920103,168.58420000
-47.60920103,168.58420000
-47.56920103,172.99420000
-47.52920103,177.40410000
-47.48920103,177.40410000
-47.44920103,181.81400000
-47.40920103,181.81400000
-47.36920103,186.22390000
-47.32920103,186.22390000
-47.28920104,190.63390000
-47.24920104,195.05900000
-47.20920104,199.46900000
-47.16920104,199.46900000
-47.12920104,199.46900000
-47.08920104,203.87890000
-47.04920104,203.87890000
-47.00920104,208.28880000
-46.96920104,212.69870000
-46.92920104,212.69870000
-46.88920104,217.10870000
-46.84920104,217.10870000
-46.80920104,217.10870000
-46.76920104,221.51860000
-46.72920104,221.51860000
-46.68920104,225.92850000
-46.64920104,230.33840000
-46.60920104,230.33840000
-46.56920104,230.33840000
-46.52920104,234.74840000
-46.48920104,234.74840000
-46.44920104,239.15830000
-46.40920104,239.15830000
-46.36920104,239.15830000
-46.32920104,243.58350000
-46.28920104,247.99340000
-46.24920104,247.99340000
-46.20920104,247.99340000
-46.16920104,252.40330000
-46.12920104,252.40330000
-46.08920104,256.81320000
-46.04920104,256.81320000
-46.00920104,256.81320000
-45.96920104,265.63310000
-45.92920104,265.63310000
-45.88920104,265.63310000
-45.84920104,265.63310000
-45.80920104,270.04300000
-45.76920104,270.04300000
-45.72920104,270.04300000
-45.68920104,270.04300000
-45.64920104,274.45290000
-45.60920105,274.45290000
-45.56920105,274.45290000
-45.52920105,278.86290000
-45.48920105,283.27280000
-45.44920105,283.27280000
-45.40920105,283.27280000
-45.36920105,287.69800000
-45.32920105,287.69800000
-45.28920105,287.69800000
-45.24920105,287.69800000
-45.20920105,287.69800000
-45.16920105,287.69800000
-45.12920105,292.10790000
-45.08920105,292.10790000
-45.04920105,292.10790000
-45.00920105,296.51780000
-44.96920105,296.51780000
-44.92920105,296.51780000
-44.88920105,296.51780000
-44.84920105,300.92770000
-44.80920105,300.92770000
-44.76920105,300.92770000
-44.72920105,300.92770000
-44.68920105,305.33770000
-44.64920105,300.92770000
-44.60920105,305.33770000
-44.56920105,305.33770000
-44.52920105,305.33770000
-44.48920105,305.33770000
-44.44920105,305.33770000
-44.40920105,305.33770000
-44.36920105,305.33770000
-44.32920105,305.33770000
-44.28920105,309.74760000
-44.24920105,309.74760000
-44.20920105,309.74760000
-44.16920105,309.74760000
-44.12920105,309.74760000
-44.08920105,309.74760000
-44.04920105,309.74760000
-44.00920105,309.74760000
-43.96920106,314.15750000
-43.92920106,314.15750000
-43.88920106,314.15750000
-43.84920106,314.15750000
-43.80920106,314.15750000
-43.76920106,314.15750000
-43.72920106,314.15750000
-43.68920106,318.56740000
-43.64920106,314.15750000
-43.60920106,318.56740000
-43.56920106,314.15750000
-43.52920106,314.15750000
-43.48920106,318.56740000
-43.44920106,309.74760000
-43.40920106,314.15750000
-43.36920106,309.74760000
-43.32920106,309.74760000
-43.28920106,314.15750000
-43.24920106,309.74760000
-43.20920106,314.15750000
-43.16920106,309.74760000
-43.12920106,309.74760000
-43.08920106,309.74760000
-43.04920106,309.74760000
-43.00920106,309.74760000
-42.96920106,309.74760000
-42.92920106,309.74760000
-42.88920106,305.33770000
-42.84920106,305.33770000
-42.80920106,305.33770000
-42.76920106,305.33770000
-42.72920106,305.33770000
-42.68920106,305.33770000
-42.64920106,305.33770000
-42.60920106,305.33770000
-42.56920106,305.33770000
-42.52920106,305.33770000
-42.48920106,300.92770000
-42.44920106,300.92770000
-42.40920106,300.92770000
-42.36920106,300.92770000
-42.32920107,300.92770000
-42.28920107,300.92770000
-42.24920107,296.51780000
-42.20920107,296.51780000
-42.16920107,292.10790000
-42.12920107,292.10790000
-42.08920107,292.10790000
-42.04920107,287.69800000
-42.00920107,287.69800000
-41.96920107,287.69800000
-41.92920107,287.69800000
-41.88920107,287.69800000
-41.84920107,283.27280000
-41.80920107,283.27280000
-41.76920107,283.27280000
-41.72920107,283.27280000
-41.68920107,278.86290000
-41.64920107,278.86290000
-41.60920107,274.45290000
-41.56920107,274.45290000
-41.52920107,270.04300000
-41.48920107,270.04300000
-41.44920107,270.04300000
-41.40920107,270.04300000
-41.36920107,270.04300000
-41.32920107,265.63310000
-41.28920107,265.63310000
-41.24920107,261.22310000
-41.20920107,261.22310000
-41.16920107,256.81320000
-41.12920107,252.40330000
-41.08920107,252.40330000
-41.04920107,252.40330000
-41.00920107,252.40330000
-40.96920107,247.99340000
-40.92920107,247.99340000
-40.88920107,243.58350000
-40.84920107,243.58350000
-40.80920107,239.15830000
-40.76920107,234.74840000
-40.72920107,234.74840000
-40.68920108,234.74840000
-40.64920108,234.74840000
-40.60920108,230.33840000
-40.56920108,230.33840000
-40.52920108,225.92850000
-40.48920108,221.51860000
-40.44920108,221.51860000
-40.40920108,217.10870000
-40.36920108,217.10870000
-40.32920108,217.10870000
-40.28920108,212.69870000
-40.24920108,212.69870000
-40.20920108,208.28880000
-40.16920108,203.87890000
-40.12920108,203.87890000
-40.08920108,199.46900000
-40.04920108,199.46900000
-40.00920108,195.05900000
-39.96920108,195.05900000
-39.92920108,195.05900000
-39.88920108,186.22390000
-39.84920108,186.22390000
-39.80920108,181.81400000
-39.76920108,181.81400000
-39.72920108,181.81400000
-39.68920108,177.40410000
-39.64920108,177.40410000
-39.60920108,168.58420000
-39.56920108,164.17430000
-39.52920108,164.17430000
-39.48920108,164.17430000
-39.44920108,159.76440000
-39.40920108,159.76440000
-39.36920108,155.35450000
-39.32920108,150.94450000
-39.28920108,146.53460000
-39.24920108,146.53460000
-39.20920108,146.53460000
-39.16920108,142.10940000
-39.12920108,142.10940000
-39.08920108,133.28960000
-39.04920109,128.87970000
-39.00920109,128.87970000
-38.96920109,128.87970000
-38.92920109,124.46970000
-38.88920109,124.46970000
-38.84920109,115.64990000
-38.80920109,115.64990000
-38.76920109,111.24000000
-38.72920109,111.24000000
-38.68920109,106.83000000
-38.64920109,106.83000000
-38.60920109,102.42010000
-38.56920109,97.99493000
-38.52920109,97.99493000
-38.48920109,93.58500000
-38.44920109,93.58500000
-38.40920109,89.17508000
-38.36920109,80.35523000
-38.32920109,80.35523000
-38.28920109,75.94530000
-38.24920109,75.94530000
-38.20920109,71.53539000
-38.16920109,71.53539000
-38.12920109,62.71553000
-38.08920109,62.71553000
-38.04920109,58.30561000
-38.00920109,58.30561000
-37.96920109,53.89569000
-37.92920109,49.47050000
-37.88920109,49.47050000
-37.84920109,45.06058000
-37.80920109,40.65065000
-37.76920109,40.65065000
-37.72920109,36.24073000
-37.68920109,36.24073000
-37.64920109,27.42088000
-37.60920109,23.01095000
-37.56920109,23.01095000
-37.52920109,18.60103000
-37.48920109,18.60103000
-37.44920109,14.19111000
-37.40920110,9.78118100
-37.36920110,5.37125700
-37.32920110,5.37125700
-37.28920110,0.96133300
-37.24920110,0.96133300
-37.20920110,-7.85851600
-37.16920110,-7.85851600
-37.12920110,-12.26844000
-37.08920110,-16.67836000
-37.04920110,-16.67836000
-37.00920110,-21.08829000
-36.96920110,-25.49821000
-36.92920110,-29.90814000
-36.88920110,-29.90814000
-36.84920110,-29.90814000
-36.80920110,-34.31806000
-36.76920110,-43.15317000
-36.72920110,-43.15317000
-36.68920110,-47.56310000
-36.64920110,-51.97302000
-36.60920110,-51.97302000
-36.56920110,-56.38294000
-36.52920110,-60.79287000
-36.48920110,-60.79287000
-36.44920110,-65.20279000
-36.40920110,-65.20279000
-36.36920110,-69.61272000
-36.32920110,-74.02264000
-36.28920110,-78.43256000
-36.24920110,-78.43256000
-36.20920110,-82.84248000
-36.16920110,-82.84248000
-36.12920110,-87.25241000
-36.08920110,-91.67760000
-36.04920110,-96.08752000
-36.00920110,-96.08752000
-35.96920110,-100.49750000
-35.92920110,-100.49750000
-35.88920110,-104.90740000
-35.84920110,-109.31730000
-35.80920110,-113.72720000
-35.76920111,-113.72720000
-35.72920111,-118.13710000
-35.68920111,-122.54710000
-35.64920111,-122.54710000
-35.60920111,-126.95700000
-35.56920111,-131.36690000
-35.52920111,-131.36690000
-35.48920111,-135.79210000
-35.44920111,-135.79210000
-35.40920111,-140.20200000
-35.36920111,-140.20200000
-35.32920111,-149.02190000
-35.28920111,-149.02190000
-35.24920111,-153.43180000
-35.20920111,-153.43180000
-35.16920111,-153.43180000
-35.12920111,-157.84170000
-35.08920111,-157.84170000
-35.04920111,-162.25160000
-35.00920111,-166.66160000
-34.96920111,-171.07150000
-34.92920111,-171.07150000
-34.88920111,-175.48140000
-34.84920111,-175.48140000
-34.80920111,-179.89130000
-34.76920111,-184.31650000
-34.72920111,-184.31650000
-34.68920111,-188.72640000
-34.64920111,-188.72640000
-34.60920111,-188.72640000
-34.56920111,-193.13640000
-34.52920111,-193.13640000
-34.48920111,-197.54630000
-34.44920111,-201.95620000
-34.40920111,-201.95620000
-34.36920111,-206.36610000
-34.32920111,-206.36610000
-34.28920111,-206.36610000
-34.24920111,-210.77610000
-34.20920111,-210.77610000
-34.16920111,-219.59590000
-34.12920112,-219.59590000
-34.08920112,-224.00580000
-34.04920112,-224.00580000
-34.00920112,-224.00580000
-33.96920112,-224.00580000
-33.92920112,-228.41580000
-33.88920112,-228.41580000
-33.84920112,-228.41580000
-33.80920112,-232.84100000
-33.76920112,-237.25090000
-33.72920112,-237.25090000
-33.68920112,-241.66080000
-33.64920112,-241.66080000
-33.60920112,-241.66080000
-33.56920112,-246.07070000
-33.52920112,-246.07070000
-33.48920112,-250.48060000
-33.44920112,-250.48060000
-33.40920112,-254.89060000
-33.36920112,-259.30050000
-33.32920112,-259.30050000
-33.28920112,-259.30050000
-33.24920112,-259.30050000
-33.20920112,-263.71040000
-33.16920112,-263.71040000
-33.12920112,-263.71040000
-33.08920112,-263.71040000
-33.04920112,-263.71040000
-33.00920112,-268.12040000
-32.96920112,-272.53030000
-32.92920112,-272.53030000
-32.88920112,-272.53030000
-32.84920112,-276.95550000
-32.80920112,-276.95550000
-32.76920112,-276.95550000
-32.72920112,-276.95550000
-32.68920112,-276.95550000
-32.64920112,-281.36540000
-32.60920112,-281.36540000
-32.56920112,-281.36540000
-32.52920112,-281.36540000
-32.48920112,-281.36540000
-32.44920113,-285.77530000
-32.40920113,-285.77530000
-32.36920113,-290.18520000
-32.32920113,-290.18520000
-32.28920113,-290.18520000
-32.24920113,-290.18520000
-32.20920113,-294.59520000
-32.16920113,-294.59520000
-32.12920113,-294.59520000
-32.08920113,-294.59520000
-32.04920113,-294.59520000
-32.00920113,-294.59520000
-31.96920113,-294.59520000
-31.92920113,-294.59520000
-31.88920113,-294.59520000
-31.84920113,-299.00510000
-31.80920113,-299.00510000
-31.76920113,-299.00510000
-31.72920113,-299.00510000
-31.68920113,-299.00510000
-31.64920113,-299.00510000
-31.60920113,-299.00510000
-31.56920113,-299.00510000
-31.52920113,-299.00510000
-31.48920113,-299.00510000
-31.44920113,-299.00510000
-31.40920113,-299.00510000
-31.36920113,-307.82490000
-31.32920113,-303.41500000
-31.28920113,-303.41500000
-31.24920113,-303.41500000
-31.20920113,-303.41500000
-31.16920113,-303.41500000
-31.12920113,-303.41500000
-31.08920113,-303.41500000
-31.04920113,-303.41500000
-31.00920113,-299.00510000
-30.96920113,-303.41500000
-30.92920113,-303.41500000
-30.88920113,-299.00510000
-30.84920113,-299.00510000
-30.80920114,-299.00510000
-30.76920114,-299.00510000
-30.72920114,-299.00510000
-30.68920114,-299.00510000
-30.64920114,-299.00510000
-30.60920114,-299.00510000
-30.56920114,-299.00510000
-30.52920114,-299.00510000
-30.48920114,-299.00510000
-30.44920114,-299.00510000
-30.40920114,-299.00510000
-30.36920114,-299.00510000
-30.32920114,-299.00510000
-30.28920114,-294.59520000
-30.24920114,-299.00510000
-30.20920114,-294.59520000
-30.16920114,-294.59520000
-30.12920114,-294.59520000
-30.08920114,-294.59520000
-30.04920114,-294.59520000
-30.00920114,-294.59520000
-29.96920114,-294.59520000
-29.92920114,-290.18520000
-29.88920114,-290.18520000
-29.84920114,-290.18520000
-29.80920114,-290.18520000
-29.76920114,-285.77530000
-29.72920114,-285.77530000
-29.68920114,-281.36540000
-29.64920114,-281.36540000
-29.60920114,-281.36540000
-29.56920114,-281.36540000
-29.52920114,-276.95550000
-29.48920114,-276.95550000
-29.44920114,-276.95550000
-29.40920114,-276.95550000
-29.36920114,-276.95550000
-29.32920114,-276.95550000
-29.28920114,-272.53030000
-29.24920114,-272.53030000
-29.20920114,-268.12040000
-29.16920115,-268.12040000
-29.12920115,-263.71040000
-29.08920115,-263.71040000
-29.04920115,-259.30050000
-29.00920115,-263.71040000
-28.96920115,-259.30050000
-28.92920115,-259.30050000
-28.88920115,-259.30050000
-28.84920115,-254.89060000
-28.80920115,-254.89060000
-28.76920115,-250.48060000
-28.72920115,-246.07070000
-28.68920115,-246.07070000
-28.64920115,-246.07070000
-28.60920115,-241.66080000
-28.56920115,-241.66080000
-28.52920115,-241.66080000
-28.48920115,-241.66080000
-28.44920115,-237.25090000
-28.40920115,-237.25090000
-28.36920115,-232.84100000
-28.32920115,-232.84100000
-28.28920115,-228.41580000
-28.24920115,-224.00580000
-28.20920115,-224.00580000
-28.16920115,-224.00580000
-28.12920115,-224.00580000
-28.08920115,-219.59590000
-28.04920115,-219.59590000
-28.00920115,-210.77610000
-27.96920115,-210.77610000
-27.92920115,-206.36610000
-27.88920115,-206.36610000
-27.84920115,-206.36610000
-27.80920115,-201.95620000
-27.76920115,-201.95620000
-27.72920115,-197.54630000
-27.68920115,-193.13640000
-27.64920115,-188.72640000
-27.60920115,-193.13640000
-27.56920115,-188.72640000
-27.52920116,-188.72640000
-27.48920116,-184.31650000
-27.44920116,-184.31650000
-27.40920116,-179.89130000
-27.36920116,-175.48140000
-27.32920116,-175.48140000
-27.28920116,-171.07150000
-27.24920116,-171.07150000
-27.20920116,-171.07150000
-27.16920116,-162.25160000
-27.12920116,-157.84170000
-27.08920116,-157.84170000
-27.04920116,-153.43180000
-27.00920116,-153.43180000
-26.96920116,-153.43180000
-26.92920116,-149.02190000
-26.88920116,-149.02190000
-26.84920116,-140.20200000
-26.80920116,-140.20200000
-26.76920116,-135.79210000
-26.72920116,-135.79210000
-26.68920116,-131.36690000
-26.64920116,-131.36690000
-26.60920116,-126.95700000
-26.56920116,-122.54710000
-26.52920116,-122.54710000
-26.48920116,-118.13710000
-26.44920116,-118.13710000
-26.40920116,-113.72720000
-26.36920116,-109.31730000
-26.32920116,-104.90740000
-26.28920116,-100.49750000
-26.24920116,-100.49750000
-26.20920116,-100.49750000
-26.16920116,-96.08752000
-26.12920116,-91.67760000
-26.08920116,-87.25241000
-26.04920116,-87.25241000
-26.00920116,-82.84248000
-25.96920116,-78.43256000
-25.92920116,-78.43256000
-25.88920117,-69.61272000
-25.84920117,-69.61272000
-25.80920117,-65.20279000
-25.76920117,-65.20279000
-25.72920117,-65.20279000
-25.68920117,-60.79287000
-25.64920117,-56.38294000
-25.60920117,-51.97302000
-25.56920117,-47.56310000
-25.52920117,-47.56310000
-25.48920117,-47.56310000
-25.44920117,-43.15317000
-25.40920117,-38.72799000
-25.36920117,-34.31806000
-25.32920117,-34.31806000
-25.28920117,-29.90814000
-25.24920117,-25.49821000
-25.20920117,-21.08829000
-25.16920117,-16.67836000
-25.12920117,-16.67836000
-25.08920117,-12.26844000
-25.04920117,-12.26844000
-25.00920117,-7.85851600
-24.96920117,-3.44859100
-24.92920117,0.96133300
-24.88920117,0.96133300
-24.84920117,5.37125700
-24.80920117,9.78118100
-24.76920117,9.78118100
-24.72920117,14.19111000
-24.68920117,18.60103000
-24.64920117,23.01095000
-24.60920117,23.01095000
-24.56920117,23.01095000
-24.52920117,27.42088000
-24.48920117,36.24073000
-24.44920117,40.65065000
-24.40920117,40.65065000
-24.36920117,45.06058000
-24.32920117,45.06058000
-24.28920117,49.47050000
-24.24920118,53.89569000
-24.20920118,58.30561000
-24.16920118,58.30561000
-24.12920118,62.71553000
-24.08920118,62.71553000
-24.04920118,67.12546000
-24.00920118,71.53539000
-23.96920118,75.94530000
-23.92920118,75.94530000
-23.88920118,80.35523000
-23.84920118,84.76515000
-23.80920118,89.17508000
-23.76920118,89.17508000
-23.72920118,93.58500000
-23.68920118,93.58500000
-23.64920118,93.58500000
-23.60920118,97.99493000
-23.56920118,106.83000000
-23.52920118,106.83000000
-23.48920118,111.24000000
-23.44920118,111.24000000
-23.40920118,115.64990000
-23.36920118,120.05980000
-23.32920118,124.46970000
-23.28920118,124.46970000
-23.24920118,128.87970000
-23.20920118,128.87970000
-23.16920118,133.28960000
-23.12920118,133.28960000
-23.08920118,137.69950000
-23.04920118,142.10940000
-23.00920118,146.53460000
-22.96920118,146.53460000
-22.92920118,146.53460000
-22.88920118,150.94450000
-22.84920118,155.35450000
-22.80920118,159.76440000
-22.76920118,159.76440000
-22.72920118,164.17430000
-22.68920118,164.17430000
-22.64920118,168.58420000
-22.60920119,168.58420000
-22.56920119,177.40410000
-22.52920119,177.40410000
-22.48920119,181.81400000
-22.44920119,181.81400000
-22.40920119,181.81400000
-22.36920119,186.22390000
-22.32920119,190.63390000
-22.28920119,190.63390000
-22.24920119,195.05900000
-22.20920119,195.05900000
-22.16920119,199.46900000
-22.12920119,199.46900000
-22.08920119,199.46900000
-22.04920119,203.87890000
-22.00920119,208.28880000
-21.96920119,212.69870000
-21.92920119,212.69870000
-21.88920119,212.69870000
-21.84920119,217.10870000
-21.80920119,221.51860000
-21.76920119,221.51860000
-21.72920119,221.51860000
-21.68920119,225.92850000
-21.64920119,230.33840000
-21.60920119,230.33840000
-21.56920119,234.74840000
-21.52920119,234.74840000
-21.48920119,234.74840000
-21.44920119,239.15830000
-21.40920119,239.15830000
-21.36920119,239.15830000
-21.32920119,243.58350000
-21.28920119,247.99340000
-21.24920119,247.99340000
-21.20920119,252.40330000
-21.16920119,252.40330000
-21.12920119,252.40330000
-21.08920119,252.40330000
-21.04920119,256.81320000
-21.00920119,261.22310000
-20.96920119,261.22310000
-20.92920120,265.63310000
-20.88920120,265.63310000
-20.84920120,270.04300000
-20.80920120,270.04300000
-20.76920120,270.04300000
-20.72920120,270.04300000
-20.68920120,274.45290000
-20.64920120,274.45290000
-20.60920120,274.45290000
-20.56920120,278.86290000
-20.52920120,278.86290000
-20.48920120,283.27280000
-20.44920120,283.27280000
-20.40920120,283.27280000
-20.36920120,283.27280000
-20.32920120,287.69800000
-20.28920120,287.69800000
-20.24920120,287.69800000
-20.20920120,287.69800000
-20.16920120,287.69800000
-20.12920120,292.10790000
-20.08920120,292.10790000
-20.04920120,292.10790000
-20.00920120,296.51780000
-19.96920120,296.51780000
-19.92920120,300.92770000
-19.88920120,300.92770000
-19.84920120,300.92770000
-19.80920120,300.92770000
-19.76920120,300.92770000
-19.72920120,300.92770000
-19.68920120,300.92770000
-19.64920120,305.33770000
-19.60920120,300.92770000
-19.56920120,305.33770000
-19.52920120,305.33770000
-19.48920120,305.33770000
-19.44920120,305.33770000
-19.40920120,305.33770000
-19.36920120,309.74760000
-19.32920120,309.74760000
-19.28920121,305.33770000
-19.24920121,309.74760000
-19.20920121,314.15750000
-19.16920121,309.74760000
-19.12920121,309.74760000
-19.08920121,314.15750000
-19.04920121,309.74760000
-19.00920121,309.74760000
-18.96920121,314.15750000
-18.92920121,314.15750000
-18.88920121,318.56740000
-18.84920121,314.15750000
-18.80920121,318.56740000
-18.76920121,318.56740000
-18.72920121,314.15750000
-18.68920121,314.15750000
-18.64920121,318.56740000
-18.60920121,318.56740000
-18.56920121,314.15750000
-18.52920121,318.56740000
-18.48920121,318.56740000
-18.44920121,318.56740000
-18.40920121,318.56740000
-18.36920121,314.15750000
-18.32920121,314.15750000
-18.28920121,309.74760000
-18.24920121,314.15750000
-18.20920121,309.74760000
-18.16920121,309.74760000
-18.12920121,314.15750000
-18.08920121,309.74760000
-18.04920121,309.74760000
-18.00920121,309.74760000
-17.96920121,309.74760000
-17.92920121,305.33770000
-17.88920121,305.33770000
-17.84920121,309.74760000
-17.80920121,305.33770000
-17.76920121,305.33770000
-17.72920121,305.33770000
-17.68920121,305.33770000
-17.64920122,305.33770000
-17.60920122,305.33770000
-17.56920122,305.33770000
-17.52920122,305.33770000
-17.48920122,305.33770000
-17.44920122,300.92770000
-17.40920122,300.92770000
-17.36920122,300.92770000
-17.32920122,300.92770000
-17.28920122,300.92770000
-17.24920122,296.51780000
-17.20920122,292.10790000
-17.16920122,296.51780000
-17.12920122,296.51780000
-17.08920122,287.69800000
-17.04920122,292.10790000
-17.00920122,287.69800000
-16.96920122,287.69800000
-16.92920122,287.69800000
-16.88920122,287.69800000
-16.84920122,283.27280000
-16.80920122,283.27280000
-16.76920122,283.27280000
-16.72920122,283.27280000
-16.68920122,278.86290000
-16.64920122,274.45290000
-16.60920122,278.86290000
-16.56920122,274.45290000
-16.52920122,270.04300000
-16.48920122,270.04300000
-16.44920122,270.04300000
-16.40920122,270.04300000
-16.36920122,270.04300000
-16.32920122,265.63310000
-16.28920122,265.63310000
-16.24920122,265.63310000
-16.20920122,261.22310000
-16.16920122,256.81320000
-16.12920122,256.81320000
-16.08920122,252.40330000
-16.04920122,252.40330000
-16.00920123,252.40330000
-15.96920123,252.40330000
-15.92920123,247.99340000
-15.88920123,243.58350000
-15.84920123,243.58350000
-15.80920123,239.15830000
-15.76920123,234.74840000
-15.72920123,234.74840000
-15.68920123,234.74840000
-15.64920123,230.33840000
-15.60920123,230.33840000
-15.56920123,225.92850000
-15.52920123,225.92850000
-15.48920123,225.92850000
-15.44920123,221.51860000
-15.40920123,217.10870000
-15.36920123,217.10870000
-15.32920123,217.10870000
-15.28920123,212.69870000
-15.24920123,212.69870000
-15.20920123,208.28880000
-15.16920123,203.87890000
-15.12920123,203.87890000
-15.08920123,199.46900000
-15.04920123,199.46900000
-15.00920123,199.46900000
-14.96920123,195.05900000
-14.92920123,190.63390000
-14.88920123,190.63390000
-14.84920123,186.22390000
-14.80920123,181.81400000
-14.76920123,181.81400000
-14.72920123,181.81400000
-14.68920123,177.40410000
-14.64920123,177.40410000
-14.60920123,168.58420000
-14.56920123,168.58420000
-14.52920123,164.17430000
-14.48920123,164.17430000
-14.44920123,159.76440000
-14.40920123,159.76440000
-14.36920124,155.35450000
-14.32920124,150.94450000
-14.28920124,150.94450000
-14.24920124,146.53460000
-14.20920124,146.53460000
-14.16920124,142.10940000
-14.12920124,142.10940000
-14.08920124,133.28960000
-14.04920124,133.28960000
-14.00920124,128.87970000
-13.96920124,128.87970000
-13.92920124,124.46970000
-13.88920124,124.46970000
-13.84920124,120.05980000
-13.80920124,115.64990000
-13.76920124,111.24000000
-13.72920124,111.24000000
-13.68920124,106.83000000
-13.64920124,106.83000000
-13.60920124,97.99493000
-13.56920124,97.99493000
-13.52920124,93.58500000
-13.48920124,93.58500000
-13.44920124,89.17508000
-13.40920124,89.17508000
-13.36920124,89.17508000
-13.32920124,80.35523000
-13.28920124,75.94530000
-13.24920124,75.94530000
-13.20920124,71.53539000
-13.16920124,71.53539000
-13.12920124,67.12546000
-13.08920124,62.71553000
-13.04920124,58.30561000
-13.00920124,58.30561000
-12.96920124,53.89569000
-12.92920124,49.47050000
-12.88920124,45.06058000
-12.84920124,45.06058000
-12.80920124,40.65065000
-12.76920124,36.24073000
-12.72920125,36.24073000
-12.68920125,27.42088000
-12.64920125,27.42088000
-12.60920125,23.01095000
-12.56920125,23.01095000
-12.52920125,18.60103000
-12.48920125,14.19111000
-12.44920125,14.19111000
-12.40920125,9.78118100
-12.36920125,5.37125700
-12.32920125,5.37125700
-12.28920125,0.96133300
-12.24920125,-3.44859100
-12.20920125,-7.85851600
-12.16920125,-12.26844000
-12.12920125,-12.26844000
-12.08920125,-12.26844000
-12.04920125,-16.67836000
-12.00920125,-21.08829000
-11.96920125,-25.49821000
-11.92920125,-29.90814000
-11.88920125,-29.90814000
-11.84920125,-34.31806000
-11.80920125,-34.31806000
-11.76920125,-43.15317000
-11.72920125,-47.56310000
-11.68920125,-47.56310000
-11.64920125,-47.56310000
-11.60920125,-51.97302000
-11.56920125,-56.38294000
-11.52920125,-56.38294000
-11.48920125,-65.20279000
-11.44920125,-65.20279000
-11.40920125,-65.20279000
-11.36920125,-69.61272000
-11.32920125,-69.61272000
-11.28920125,-78.43256000
-11.24920125,-82.84248000
-11.20920125,-82.84248000
-11.16920125,-87.25241000
-11.12920125,-87.25241000
-11.08920126,-87.25241000
-11.04920126,-96.08752000
-11.00920126,-100.49750000
-10.96920126,-100.49750000
-10.92920126,-100.49750000
-10.88920126,-104.90740000
-10.84920126,-109.31730000
-10.80920126,-113.72720000
-10.76920126,-118.13710000
-10.72920126,-118.13710000
-10.68920126,-122.54710000
-10.64920126,-122.54710000
-10.60920126,-126.95700000
-10.56920126,-131.36690000
-10.52920126,-135.79210000
-10.48920126,-135.79210000
-10.44920126,-135.79210000
-10.40920126,-140.20200000
-10.36920126,-140.20200000
-10.32920126,-144.61190000
-10.28920126,-149.02190000
-10.24920126,-153.43180000
-10.20920126,-153.43180000
-10.16920126,-153.43180000
-10.12920126,-157.84170000
-10.08920126,-157.84170000
-10.04920126,-162.25160000
-10.00920126,-171.07150000
-9.96920126,-171.07150000
-9.92920126,-171.07150000
-9.88920126,-171.07150000
-9.84920126,-175.48140000
-9.80920126,-175.48140000
-9.76920126,-184.31650000
-9.72920126,-184.31650000
-9.68920126,-188.72640000
-9.64920126,-188.72640000
-9.60920126,-193.13640000
-9.56920126,-193.13640000
-9.52920126,-193.13640000
-9.48920126,-197.54630000
-9.44920126,-201.95620000
-9.40920127,-206.36610000
-9.36920127,-206.36610000
-9.32920127,-206.36610000
-9.28920127,-206.36610000
-9.24920127,-210.77610000
-9.20920127,-215.18600000
-9.16920127,-215.18600000
-9.12920127,-219.59590000
-9.08920127,-224.00580000
-9.04920127,-224.00580000
-9.00920127,-224.00580000
-8.96920127,-228.41580000
-8.92920127,-228.41580000
-8.88920127,-232.84100000
-8.84920127,-232.84100000
-8.80920127,-232.84100000
-8.76920127,-237.25090000
-8.72920127,-241.66080000
-8.68920127,-241.66080000
-8.64920127,-241.66080000
-8.60920127,-241.66080000
-8.56920127,-246.07070000
-8.52920127,-246.07070000
-8.48920127,-246.07070000
-8.44920127,-254.89060000
-8.40920127,-254.89060000
-8.36920127,-259.30050000
-8.32920127,-259.30050000
-8.28920127,-259.30050000
-8.24920127,-259.30050000
-8.20920127,-263.71040000
-8.16920127,-263.71040000
-8.12920127,-263.71040000
-8.08920127,-263.71040000
-8.04920127,-268.12040000
-8.00920127,-268.12040000
-7.96920127,-272.53030000
-7.92920127,-272.53030000
-7.88920127,-276.95550000
-7.84920127,-272.53030000
-7.80920127,-276.95550000
-7.76920128,-276.95550000
-7.72920128,-276.95550000
-7.68920128,-276.95550000
-7.64920128,-276.95550000
-7.60920128,-281.36540000
-7.56920128,-281.36540000
-7.52920128,-281.36540000
-7.48920128,-281.36540000
-7.44920128,-285.77530000
-7.40920128,-290.18520000
-7.36920128,-290.18520000
-7.32920128,-290.18520000
-7.28920128,-290.18520000
-7.24920128,-290.18520000
-7.20920128,-290.18520000
-7.16920128,-290.18520000
-7.12920128,-294.59520000
-7.08920128,-294.59520000
-7.04920128,-294.59520000
-7.00920128,-294.59520000
-6.96920128,-294.59520000
-6.92920128,-294.59520000
-6.88920128,-294.59520000
-6.84920128,-299.00510000
-6.80920128,-299.00510000
-6.76920128,-299.00510000
-6.72920128,-299.00510000
-6.68920128,-299.00510000
-6.64920128,-299.00510000
-6.60920128,-299.00510000
-6.56920128,-299.00510000
-6.52920128,-299.00510000
-6.48920128,-299.00510000
-6.44920128,-303.41500000
-6.40920128,-303.41500000
-6.36920128,-303.41500000
-6.32920128,-303.41500000
-6.28920128,-299.00510000
-6.24920128,-299.00510000
-6.20920128,-303.41500000
-6.16920128,-303.41500000
-6.12920129,-303.41500000
-6.08920129,-303.41500000
-6.04920129,-303.41500000
-6.00920129,-303.41500000
-5.96920129,-299.00510000
-5.92920129,-299.00510000
-5.88920129,-299.00510000
-5.84920129,-303.41500000
-5.80920129,-299.00510000
-5.76920129,-299.00510000
-5.72920129,-303.41500000
-5.68920129,-299.00510000
-5.64920129,-299.00510000
-5.60920129,-299.00510000
-5.56920129,-299.00510000
-5.52920129,-299.00510000
-5.48920129,-299.00510000
-5.44920129,-299.00510000
-5.40920129,-299.00510000
-5.36920129,-294.59520000
-5.32920129,-294.59520000
-5.28920129,-294.59520000
-5.24920129,-294.59520000
-5.20920129,-294.59520000
-5.16920129,-294.59520000
-5.12920129,-294.59520000
-5.08920129,-294.59520000
-5.04920129,-294.59520000
-5.00920129,-294.59520000
-4.96920129,-294.59520000
-4.92920129,-290.18520000
-4.88920129,-290.18520000
-4.84920129,-290.18520000
-4.80920129,-290.18520000
-4.76920129,-285.77530000
-4.72920129,-285.77530000
-4.68920129,-281.36540000
-4.64920129,-281.36540000
-4.60920129,-281.36540000
-4.56920129,-281.36540000
-4.52920129,-276.95550000
-4.48920130,-276.95550000
-4.44920130,-276.95550000
-4.40920130,-276.95550000
-4.36920130,-276.95550000
-4.32920130,-276.95550000
-4.28920130,-272.53030000
-4.24920130,-272.53030000
-4.20920130,-272.53030000
-4.16920130,-268.12040000
-4.12920130,-263.71040000
-4.08920130,-263.71040000
-4.04920130,-263.71040000
-4.00920130,-259.30050000
-3.96920130,-259.30050000
-3.92920130,-259.30050000
-3.88920130,-259.30050000
-3.84920130,-254.89060000
-3.80920130,-254.89060000
-3.76920130,-254.89060000
-3.72920130,-250.48060000
-3.68920130,-246.07070000
-3.64920130,-246.07070000
-3.60920130,-241.66080000
-3.56920130,-241.66080000
-3.52920130,-241.66080000
-3.48920130,-241.66080000
-3.44920130,-237.25090000
-3.40920130,-232.84100000
-3.36920130,-232.84100000
-3.32920130,-228.41580000
-3.28920130,-228.41580000
-3.24920130,-228.41580000
-3.20920130,-224.00580000
-3.16920130,-224.00580000
-3.12920130,-219.59590000
-3.08920130,-219.59590000
-3.04920130,-219.59590000
-3.00920130,-210.77610000
-2.96920130,-210.77610000
-2.92920130,-206.36610000
-2.88920130,-206.36610000
-2.84920131,-206.36610000
-2.80920131,-201.95620000
-2.76920131,-201.95620000
-2.72920131,-197.54630000
-2.68920131,-197.54630000
-2.64920131,-193.13640000
-2.60920131,-193.13640000
-2.56920131,-188.72640000
-2.52920131,-188.72640000
-2.48920131,-184.31650000
-2.44920131,-184.31650000
-2.40920131,-179.89130000
-2.36920131,-175.48140000
-2.32920131,-171.07150000
-2.28920131,-175.48140000
-2.24920131,-171.07150000
-2.20920131,-166.66160000
-2.16920131,-166.66160000
-2.12920131,-157.84170000
-2.08920131,-157.84170000
-2.04920131,-153.43180000
-2.00920131,-153.43180000
-1.96920131,-153.43180000
-1.92920131,-149.02190000
-1.88920131,-144.61190000
-1.84920131,-140.20200000
-1.80920131,-140.20200000
-1.76920131,-135.79210000
-1.72920131,-135.79210000
-1.68920131,-131.36690000
-1.64920131,-135.79210000
-1.60920131,-122.54710000
-1.56920131,-122.54710000
-1.52920131,-122.54710000
-1.48920131,-118.13710000
-1.44920131,-118.13710000
-1.40920131,-113.72720000
-1.36920131,-109.31730000
-1.32920131,-104.90740000
-1.28920131,-100.49750000
-1.24920131,-100.49750000
-1.20920132,-100.49750000
-1.16920132,-96.08752000
-1.12920132,-87.25241000
-1.08920132,-87.25241000
-1.04920132,-87.25241000
-1.00920132,-82.84248000
-0.96920132,-82.84248000
-0.92920132,-78.43256000
-0.88920132,-74.02264000
-0.84920132,-69.61272000
-0.80920132,-65.20279000
-0.76920132,-65.20279000
-0.72920132,-65.20279000
-0.68920132,-60.79287000
-0.64920132,-56.38294000
-0.60920132,-51.97302000
-0.56920132,-51.97302000
-0.52920132,-47.56310000
-0.48920132,-43.15317000
-0.44920132,-43.15317000
-0.40920132,-34.31806000
-0.36920132,-34.31806000
-0.32920132,-29.90814000
-0.28920132,-29.90814000
-0.24920132,-25.49821000
-0.20920132,-21.08829000
-0.16920132,-16.67836000
-0.12920132,-12.26844000
-0.08920132,-12.26844000
-0.04920132,-12.26844000
-0.00920132,-7.85851600
0.03079868,-3.44859100
0.07079868,0.96133300
0.11079868,5.37125700
0.15079868,5.37125700
0.19079868,9.78118100
0.23079868,9.78118100
0.27079868,14.19111000
0.31079868,18.60103000
0.35079868,23.01095000
0.39079868,23.01095000
0.43079867,27.42088000
0.47079867,27.42088000
0.51079867,36.24073000
0.55079867,40.65065000
0.59079867,40.65065000
0.63079867,45.06058000
0.67079867,45.06058000
0.71079867,49.47050000
0.75079867,53.89569000
0.79079867,58.30561000
0.83079867,58.30561000
0.87079867,62.71553000
0.91079867,62.71553000
0.95079867,67.12546000
0.99079867,71.53539000
1.03079867,71.53539000
1.07079867,75.94530000
1.11079867,80.35523000
1.15079867,84.76515000
1.19079867,84.76515000
1.23079867,89.17508000
1.27079867,93.58500000
1.31079867,93.58500000
1.35079867,97.99493000
1.39079867,97.99493000
1.43079867,106.83000000
1.47079867,106.83000000
1.51079867,111.24000000
1.55079867,111.24000000
1.59079867,115.64990000
1.63079867,115.64990000
1.67079867,120.05980000
1.71079867,124.46970000
1.75079867,128.87970000
1.79079867,128.87970000
1.83079867,133.28960000
1.87079867,133.28960000
1.91079867,142.10940000
1.95079867,142.10940000
1.99079867,142.10940000
2.03079867,146.53460000
2.07079866,146.53460000
2.11079866,150.94450000
2.15079866,155.35450000
2.19079866,159.76440000
2.23079866,159.76440000
2.27079866,164.17430000
2.31079866,164.17430000
2.35079866,168.58420000
2.39079866,168.58420000
2.43079866,177.40410000
2.47079866,177.40410000
2.51079866,181.81400000
2.55079866,181.81400000
2.59079866,181.81400000
2.63079866,186.22390000
2.67079866,186.22390000
2.71079866,195.05900000
2.75079866,195.05900000
2.79079866,199.46900000
2.83079866,199.46900000
2.87079866,199.46900000
2.91079866,203.87890000
2.95079866,203.87890000
2.99079866,208.28880000
3.03079866,212.69870000
3.07079866,212.69870000
3.11079866,217.10870000
3.15079866,217.10870000
3.19079866,217.10870000
3.23079866,221.51860000
3.27079866,225.92850000
3.31079866,225.92850000
3.35079866,230.33840000
3.39079866,230.33840000
3.43079866,230.33840000
3.47079866,234.74840000
3.51079866,234.74840000
3.55079866,239.15830000
3.59079866,239.15830000
3.63079866,239.15830000
3.67079866,243.58350000
3.71079866,247.99340000
3.75079865,247.99340000
3.79079865,252.40330000
3.83079865,252.40330000
3.87079865,252.40330000
3.91079865,252.40330000
3.95079865,256.81320000
3.99079865,261.22310000
4.03079865,261.22310000
4.07079865,265.63310000
4.11079865,265.63310000
4.15079865,270.04300000
4.19079865,270.04300000
4.23079865,270.04300000
4.27079865,270.04300000
4.31079865,270.04300000
4.35079865,274.45290000
4.39079865,274.45290000
4.43079865,274.45290000
4.47079865,278.86290000
4.51079865,283.27280000
4.55079865,283.27280000
4.59079865,283.27280000
4.63079865,283.27280000
4.67079865,287.69800000
4.71079865,287.69800000
4.75079865,287.69800000
4.79079865,287.69800000
4.83079865,287.69800000
4.87079865,292.10790000
4.91079865,292.10790000
4.95079865,292.10790000
4.99079865,296.51780000
5.03079865,296.51780000
5.07079865,296.51780000
5.11079865,300.92770000
5.15079865,300.92770000
5.19079865,300.92770000
5.23079865,300.92770000
5.27079865,300.92770000
5.31079865,300.92770000
5.35079865,305.33770000
5.39079864,305.33770000
5.43079864,305.33770000
5.47079864,305.33770000
5.51079864,305.33770000
5.55079864,305.33770000
5.59079864,305.33770000
5.63079864,305.33770000
5.67079864,305.33770000
5.71079864,309.74760000
5.75079864,309.74760000
5.79079864,309.74760000
5.83079864,309.74760000
5.87079864,309.74760000
5.91079864,309.74760000
5.95079864,309.74760000
5.99079864,309.74760000
6.03079864,314.15750000
6.07079864,314.15750000
6.11079864,309.74760000
6.15079864,314.15750000
6.19079864,318.56740000
6.23079864,318.56740000
6.27079864,318.56740000
6.31079864,318.56740000
6.35079864,314.15750000
6.39079864,309.74760000
6.43079864,318.56740000
6.47079864,318.56740000
6.51079864,309.74760000
6.55079864,314.15750000
6.59079864,318.56740000
6.63079864,318.56740000
6.67079864,309.74760000
6.71079864,318.56740000
6.75079864,314.15750000
6.79079864,314.15750000
6.83079864,314.15750000
6.87079864,309.74760000
6.91079864,309.74760000
6.95079864,309.74760000
6.99079864,309.74760000
7.03079863,309.74760000
7.07079863,309.74760000
7.11079863,309.74760000
7.15079863,305.33770000
7.19079863,305.33770000
7.23079863,305.33770000
7.27079863,305.33770000
7.31079863,305.33770000
7.35079863,305.33770000
7.39079863,305.33770000
7.43079863,305.33770000
7.47079863,305.33770000
7.51079863,300.92770000
7.55079863,300.92770000
7.59079863,300.92770000
7.63079863,300.92770000
7.67079863,300.92770000
7.71079863,296.51780000
7.75079863,296.51780000
7.79079863,296.51780000
7.83079863,292.10790000
7.87079863,292.10790000
7.91079863,292.10790000
7.95079863,292.10790000
7.99079863,287.69800000
8.03079863,287.69800000
8.07079863,287.69800000
8.11079863,287.69800000
8.15079863,287.69800000
8.19079863,283.27280000
8.23079863,283.27280000
8.27079863,283.27280000
8.31079863,274.45290000
8.35079863,278.86290000
8.39079863,274.45290000
8.43079863,274.45290000
8.47079863,274.45290000
8.51079863,270.04300000
8.55079863,270.04300000
8.59079863,270.04300000
8.63079863,265.63310000
8.67079862,265.63310000
8.71079862,265.63310000
8.75079862,265.63310000
8.79079862,261.22310000
8.83079862,256.81320000
8.87079862,256.81320000
8.91079862,252.40330000
8.95079862,252.40330000
8.99079862,252.40330000
9.03079862,247.99340000
9.07079862,247.99340000
9.11079862,247.99340000
9.15079862,239.15830000
9.19079862,239.15830000
9.23079862,239.15830000
9.27079862,234.74840000
9.31079862,234.74840000
9.35079862,234.74840000
9.39079862,230.33840000
9.43079862,230.33840000
9.47079862,225.92850000
9.51079862,221.51860000
9.55079862,221.51860000
9.59079862,217.10870000
9.63079862,217.10870000
9.67079862,217.10870000
9.71079862,212.69870000
9.75079862,212.69870000
9.79079862,208.28880000
9.83079862,203.87890000
9.87079862,203.87890000
9.91079862,199.46900000
9.95079862,199.46900000
9.99079862,199.46900000
10.03079862,195.05900000
10.07079862,195.05900000
10.11079862,190.63390000
10.15079862,186.22390000
10.19079862,181.81400000
10.23079862,181.81400000
10.27079862,181.81400000
10.31079861,177.40410000
10.35079861,177.40410000
10.39079861,172.99420000
10.43079861,168.58420000
10.47079861,164.17430000
10.51079861,164.17430000
10.55079861,159.76440000
10.59079861,159.76440000
10.63079861,155.35450000
10.67079861,150.94450000
10.71079861,146.53460000
10.75079861,146.53460000
10.79079861,146.53460000
10.83079861,142.10940000
10.87079861,142.10940000
10.91079861,137.69950000
10.95079861,133.28960000
10.99079861,128.87970000
11.03079861,128.87970000
11.07079861,124.46970000
11.11079861,124.46970000
11.15079861,120.05980000
11.19079861,115.64990000
11.23079861,111.24000000
11.27079861,111.24000000
11.31079861,106.83000000
11.35079861,106.83000000
11.39079861,102.42010000
11.43079861,97.99493000
11.47079861,93.58500000
11.51079861,93.58500000
11.55079861,89.17508000
11.59079861,89.17508000
11.63079861,84.76515000
11.67079861,80.35523000
11.71079861,75.94530000
11.75079861,75.94530000
11.79079861,71.53539000
11.83079861,67.12546000
11.87079861,67.12546000
11.91079861,62.71553000
11.95079860,58.30561000
11.99079860,58.30561000
12.03079860,53.89569000
12.07079860,53.89569000
12.11079860,45.06058000
12.15079860,45.06058000
12.19079860,40.65065000
12.23079860,40.65065000
12.27079860,36.24073000
12.31079860,31.83080000
12.35079860,27.42088000
12.39079860,23.01095000
12.43079860,23.01095000
12.47079860,18.60103000
12.51079860,18.60103000
12.55079860,14.19111000
12.59079860,9.78118100
12.63079860,5.37125700
12.67079860,5.37125700
12.71079860,0.96133300
12.75079860,0.96133300
12.79079860,-7.85851600
12.83079860,-7.85851600
12.87079860,-12.26844000
12.91079860,-16.67836000
12.95079860,-16.67836000
12.99079860,-21.08829000
13.03079860,-21.08829000
13.07079860,-29.90814000
13.11079860,-29.90814000
13.15079860,-34.31806000
13.19079860,-34.31806000
13.23079860,-43.15317000
13.27079860,-43.15317000
13.31079860,-47.56310000
13.35079860,-47.56310000
13.39079860,-51.97302000
13.43079860,-51.97302000
13.47079860,-60.79287000
13.51079860,-65.20279000
13.55079860,-65.20279000
13.59079859,-65.20279000
13.63079859,-69.61272000
13.67079859,-74.02264000
13.71079859,-78.43256000
13.75079859,-78.43256000
13.79079859,-82.84248000
13.83079859,-82.84248000
13.87079859,-87.25241000
13.91079859,-91.67760000
13.95079859,-96.08752000
13.99079859,-96.08752000
14.03079859,-100.49750000
14.07079859,-100.49750000
14.11079859,-104.90740000
14.15079859,-109.31730000
14.19079859,-113.72720000
14.23079859,-118.13710000
14.27079859,-118.13710000
14.31079859,-118.13710000
14.35079859,-122.54710000
14.39079859,-122.54710000
14.43079859,-126.95700000
14.47079859,-135.79210000
14.51079859,-135.79210000
14.55079859,-135.79210000
14.59079859,-140.20200000
14.63079859,-140.20200000
14.67079859,-144.61190000
14.71079859,-149.02190000
14.75079859,-153.43180000
14.79079859,-153.43180000
14.83079859,-153.43180000
14.87079859,-157.84170000
14.91079859,-157.84170000
14.95079859,-162.25160000
14.99079859,-171.07150000
15.03079859,-171.07150000
15.07079859,-171.07150000
15.11079859,-175.48140000
15.15079859,-175.48140000
15.19079859,-179.89130000
15.23079859,-184.31650000
15.27079858,-184.31650000
15.31079858,-188.72640000
15.35079858,-188.72640000
15.39079858,-193.13640000
15.43079858,-193.13640000
15.47079858,-193.13640000
15.51079858,-197.54630000
15.55079858,-201.95620000
15.59079858,-206.36610000
15.63079858,-206.36610000
15.67079858,-206.36610000
15.71079858,-206.36610000
15.75079858,-210.77610000
15.79079858,-215.18600000
15.83079858,-215.18600000
15.87079858,-219.59590000
15.91079858,-219.59590000
15.95079858,-224.00580000
15.99079858,-224.00580000
16.03079858,-224.00580000
16.07079858,-228.41580000
16.11079858,-228.41580000
16.15079858,-228.41580000
16.19079858,-237.25090000
16.23079858,-237.25090000
16.27079858,-241.66080000
16.31079858,-241.66080000
16.35079858,-241.66080000
16.39079858,-241.66080000
16.43079858,-246.07070000
16.47079858,-246.07070000
16.51079858,-246.07070000
16.55079858,-250.48060000
16.59079858,-254.89060000
16.63079858,-254.89060000
16.67079858,-259.30050000
16.71079858,-259.30050000
16.75079858,-259.30050000
16.79079858,-259.30050000
16.83079858,-263.71040000
16.87079858,-263.71040000
16.91079857,-263.71040000
16.95079857,-268.12040000
16.99079857,-268.12040000
17.03079857,-272.53030000
17.07079857,-272.53030000
17.11079857,-276.95550000
17.15079857,-276.95550000
17.19079857,-276.95550000
17.23079857,-276.95550000
17.27079857,-276.95550000
17.31079857,-276.95550000
17.35079857,-281.36540000
17.39079857,-281.36540000
17.43079857,-281.36540000
17.47079857,-281.36540000
17.51079857,-285.77530000
17.55079857,-281.36540000
17.59079857,-285.77530000
17.63079857,-290.18520000
17.67079857,-290.18520000
17.71079857,-290.18520000
17.75079857,-294.59520000
17.79079857,-294.59520000
17.83079857,-294.59520000
17.87079857,-294.59520000
17.91079857,-294.59520000
17.95079857,-294.59520000
17.99079857,-294.59520000
18.03079857,-294.59520000
18.07079857,-294.59520000
18.11079857,-294.59520000
18.15079857,-294.59520000
18.19079857,-299.00510000
18.23079857,-299.00510000
18.27079857,-299.00510000
18.31079857,-299.00510000
18.35079857,-299.00510000
18.39079857,-299.00510000
18.43079857,-299.00510000
18.47079857,-299.00510000
18.51079857,-299.00510000
18.55079856,-299.00510000
18.59079856,-299.00510000
18.63079856,-303.41500000
18.67079856,-299.00510000
18.71079856,-299.00510000
18.75079856,-299.00510000
18.79079856,-303.41500000
18.83079856,-303.41500000
18.87079856,-303.41500000
18.91079856,-299.00510000
18.95079856,-303.41500000
18.99079856,-303.41500000
19.03079856,-303.41500000
19.07079856,-303.41500000
19.11079856,-299.00510000
19.15079856,-299.00510000
19.19079856,-303.41500000
19.23079856,-299.00510000
19.27079856,-299.00510000
19.31079856,-299.00510000
19.35079856,-299.00510000
19.39079856,-299.00510000
19.43079856,-299.00510000
19.47079856,-299.00510000
19.51079856,-299.00510000
19.55079856,-299.00510000
19.59079856,-299.00510000
19.63079856,-299.00510000
19.67079856,-294.59520000
19.71079856,-294.59520000
19.75079856,-294.59520000
19.79079856,-294.59520000
19.83079856,-294.59520000
19.87079856,-294.59520000
19.91079856,-294.59520000
19.95079856,-294.59520000
19.99079856,-294.59520000
20.03079856,-290.18520000
20.07079856,-294.59520000
20.11079856,-290.18520000
20.15079856,-290.18520000
20.19079855,-290.18520000
20.23079855,-290.18520000
20.27079855,-281.36540000
20.31079855,-281.36540000
20.35079855,-281.36540000
20.39079855,-281.36540000
20.43079855,-276.95550000
20.47079855,-281.36540000
20.51079855,-276.95550000
20.55079855,-276.95550000
20.59079855,-276.95550000
20.63079855,-272.53030000
20.67079855,-272.53030000
20.71079855,-272.53030000
20.75079855,-272.53030000
20.79079855,-268.12040000
20.83079855,-268.12040000
20.87079855,-263.71040000
20.91079855,-263.71040000
20.95079855,-263.71040000
20.99079855,-259.30050000
21.03079855,-259.30050000
21.07079855,-259.30050000
21.11079855,-259.30050000
21.15079855,-259.30050000
21.19079855,-250.48060000
21.23079855,-250.48060000
21.27079855,-250.48060000
21.31079855,-246.07070000
21.35079855,-246.07070000
21.39079855,-241.66080000
21.43079855,-241.66080000
21.47079855,-241.66080000
21.51079855,-241.66080000
21.55079855,-237.25090000
21.59079855,-237.25090000
21.63079855,-232.84100000
21.67079855,-228.41580000
21.71079855,-228.41580000
21.75079855,-228.41580000
21.79079855,-224.00580000
21.83079854,-224.00580000
21.87079854,-219.59590000
21.91079854,-219.59590000
21.95079854,-219.59590000
21.99079854,-215.18600000
22.03079854,-210.77610000
22.07079854,-210.77610000
22.11079854,-206.36610000
22.15079854,-206.36610000
22.19079854,-201.95620000
22.23079854,-201.95620000
22.27079854,-197.54630000
22.31079854,-193.13640000
22.35079854,-193.13640000
22.39079854,-188.72640000
22.43079854,-188.72640000
22.47079854,-188.72640000
22.51079854,-184.31650000
22.55079854,-184.31650000
22.59079854,-179.89130000
22.63079854,-175.48140000
22.67079854,-175.48140000
22.71079854,-171.07150000
22.75079854,-171.07150000
22.79079854,-166.66160000
22.83079854,-166.66160000
22.87079854,-162.25160000
22.91079854,-157.84170000
22.95079854,-153.43180000
22.99079854,-153.43180000
23.03079854,-153.43180000
23.07079854,-149.02190000
23.11079854,-149.02190000
23.15079854,-140.20200000
23.19079854,-140.20200000
23.23079854,-135.79210000
23.27079854,-135.79210000
23.31079854,-135.79210000
23.35079854,-131.36690000
23.39079854,-126.95700000
23.43079854,-122.54710000
23.47079853,-122.54710000
23.51079853,-118.13710000
23.55079853,-113.72720000
23.59079853,-113.72720000
23.63079853,-109.31730000
23.67079853,-104.90740000
23.71079853,-104.90740000
23.75079853,-100.49750000
23.79079853,-96.08752000
23.83079853,-96.08752000
23.87079853,-91.67760000
23.91079853,-87.25241000
23.95079853,-82.84248000
23.99079853,-82.84248000
24.03079853,-78.43256000
24.07079853,-78.43256000
24.11079853,-69.61272000
24.15079853,-69.61272000
24.19079853,-69.61272000
24.23079853,-65.20279000
24.27079853,-65.20279000
24.31079853,-60.79287000
24.35079853,-56.38294000
24.39079853,-51.97302000
24.43079853,-47.56310000
24.47079853,-47.56310000
24.51079853,-43.15317000
24.55079853,-38.72799000
24.59079853,-34.31806000
24.63079853,-34.31806000
24.67079853,-29.90814000
24.71079853,-29.90814000
24.75079853,-25.49821000
24.79079853,-21.08829000
24.83079853,-16.67836000
24.87079853,-16.67836000
24.91079853,-12.26844000
24.95079853,-12.26844000
24.99079853,-7.85851600
25.03079853,-7.85851600
25.07079853,0.96133300
25.11079852,0.96133300
25.15079852,5.37125700
25.19079852,9.78118100
25.23079852,14.19111000
25.27079852,18.60103000
25.31079852,18.60103000
25.35079852,23.01095000
25.39079852,23.01095000
25.43079852,27.42088000
25.47079852,31.83080000
25.51079852,36.24073000
25.55079852,36.24073000
25.59079852,40.65065000
25.63079852,40.65065000
25.67079852,45.06058000
25.71079852,49.47050000
25.75079852,53.89569000
25.79079852,53.89569000
25.83079852,58.30561000
25.87079852,62.71553000
25.91079852,67.12546000
25.95079852,71.53539000
25.99079852,71.53539000
26.03079852,75.94530000
26.07079852,75.94530000
26.11079852,75.94530000
26.15079852,80.35523000
26.19079852,84.76515000
26.23079852,89.17508000
26.27079852,93.58500000
26.31079852,93.58500000
26.35079852,97.99493000
26.39079852,97.99493000
26.43079852,106.83000000
26.47079852,106.83000000
26.51079852,111.24000000
26.55079852,111.24000000
26.59079852,111.24000000
26.63079852,120.05980000
26.67079852,124.46970000
26.71079852,124.46970000
26.75079851,128.87970000
26.79079851,128.87970000
26.83079851,133.28960000
26.87079851,137.69950000
26.91079851,142.10940000
26.95079851,142.10940000
26.99079851,146.53460000
27.03079851,146.53460000
27.07079851,146.53460000
27.11079851,150.94450000
27.15079851,150.94450000
27.19079851,159.76440000
27.23079851,159.76440000
27.27079851,164.17430000
27.31079851,164.17430000
27.35079851,168.58420000
27.39079851,168.58420000
27.43079851,177.40410000
27.47079851,177.40410000
27.51079851,181.81400000
27.55079851,181.81400000
27.59079851,181.81400000
27.63079851,186.22390000
27.67079851,190.63390000
27.71079851,190.63390000
27.75079851,195.05900000
27.79079851,199.46900000
27.83079851,199.46900000
27.87079851,199.46900000
27.91079851,203.87890000
27.95079851,203.87890000
27.99079851,208.28880000
28.03079851,212.69870000
28.07079851,212.69870000
28.11079851,212.69870000
28.15079851,217.10870000
28.19079851,217.10870000
28.23079851,221.51860000
28.27079851,221.51860000
28.31079851,225.92850000
28.35079851,225.92850000
28.39079851,230.33840000
28.43079850,230.33840000
28.47079850,234.74840000
28.51079850,234.74840000
28.55079850,239.15830000
28.59079850,239.15830000
28.63079850,239.15830000
28.67079850,243.58350000
28.71079850,247.99340000
28.75079850,247.99340000
28.79079850,247.99340000
28.83079850,252.40330000
28.87079850,252.40330000
28.91079850,252.40330000
28.95079850,256.81320000
28.99079850,261.22310000
29.03079850,261.22310000
29.07079850,265.63310000
29.11079850,265.63310000
29.15079850,265.63310000
29.19079850,270.04300000
29.23079850,270.04300000
29.27079850,270.04300000
29.31079850,270.04300000
29.35079850,274.45290000
29.39079850,274.45290000
29.43079850,278.86290000
29.47079850,278.86290000
29.51079850,283.27280000
29.55079850,283.27280000
29.59079850,283.27280000
29.63079850,283.27280000
29.67079850,287.69800000
29.71079850,287.69800000
29.75079850,287.69800000
29.79079850,287.69800000
29.83079850,287.69800000
29.87079850,292.10790000
29.91079850,292.10790000
29.95079850,292.10790000
29.99079850,296.51780000
30.03079850,296.51780000
30.07079849,300.92770000
30.11079849,300.92770000
30.15079849,300.92770000
30.19079849,300.92770000
30.23079849,300.92770000
30.27079849,305.33770000
30.31079849,305.33770000
30.35079849,305.33770000
30.39079849,305.33770000
30.43079849,305.33770000
30.47079849,305.33770000
30.51079849,305.33770000
30.55079849,305.33770000
30.59079849,305.33770000
30.63079849,305.33770000
30.67079849,305.33770000
30.71079849,305.33770000
30.75079849,309.74760000
30.79079849,309.74760000
30.83079849,309.74760000
30.87079849,314.15750000
30.91079849,314.15750000
30.95079849,314.15750000
30.99079849,314.15750000
31.03079849,314.15750000
31.07079849,314.15750000
31.11079849,314.15750000
31.15079849,318.56740000
31.19079849,318.56740000
31.23079849,314.15750000
31.27079849,314.15750000
31.31079849,314.15750000
31.35079849,318.56740000
31.39079849,314.15750000
31.43079849,318.56740000
31.47079849,314.15750000
31.51079849,318.56740000
31.55079849,318.56740000
31.59079849,314.15750000
31.63079849,309.74760000
31.67079849,314.15750000
31.71079848,309.74760000
31.75079848,318.56740000
31.79079848,309.74760000
31.83079848,314.15750000
31.87079848,314.15750000
31.91079848,314.15750000
31.95079848,309.74760000
31.99079848,309.74760000
32.03079848,309.74760000
32.07079848,309.74760000
32.11079848,309.74760000
32.15079848,305.33770000
32.19079848,305.33770000
32.23079848,305.33770000
32.27079848,305.33770000
32.31079848,305.33770000
32.35079848,305.33770000
32.39079848,305.33770000
32.43079848,305.33770000
32.47079848,305.33770000
32.51079848,300.92770000
32.55079848,300.92770000
32.59079848,300.92770000
32.63079848,300.92770000
32.67079848,300.92770000
32.71079848,300.92770000
32.75079848,296.51780000
32.79079848,296.51780000
32.83079848,296.51780000
32.87079848,292.10790000
32.91079848,292.10790000
32.95079848,292.10790000
32.99079848,292.10790000
33.03079848,287.69800000
33.07079848,287.69800000
33.11079848,287.69800000
33.15079848,287.69800000
33.19079848,283.27280000
33.23079848,278.86290000
33.27079848,283.27280000
33.31079848,283.27280000
33.35079847,274.45290000
33.39079847,274.45290000
33.43079847,274.45290000
33.47079847,270.04300000
33.51079847,270.04300000
33.55079847,270.04300000
33.59079847,270.04300000
33.63079847,270.04300000
33.67079847,265.63310000
33.71079847,265.63310000
33.75079847,261.22310000
33.79079847,261.22310000
33.83079847,256.81320000
33.87079847,256.81320000
33.91079847,252.40330000
33.95079847,252.40330000
33.99079847,252.40330000
34.03079847,247.99340000
34.07079847,243.58350000
34.11079847,243.58350000
34.15079847,243.58350000
34.19079847,239.15830000
34.23079847,239.15830000
34.27079847,234.74840000
34.31079847,234.74840000
34.35079847,230.33840000
34.39079847,230.33840000
34.43079847,230.33840000
34.47079847,225.92850000
34.51079847,221.51860000
34.55079847,221.51860000
34.59079847,217.10870000
34.63079847,217.10870000
34.67079847,217.10870000
34.71079847,212.69870000
34.75079847,212.69870000
34.79079847,212.69870000
34.83079847,203.87890000
34.87079847,203.87890000
34.91079847,199.46900000
34.95079847,199.46900000
34.99079846,199.46900000
35.03079846,195.05900000
35.07079846,195.05900000
35.11079846,186.22390000
35.15079846,186.22390000
35.19079846,181.81400000
35.23079846,181.81400000
35.27079846,181.81400000
35.31079846,177.40410000
35.35079846,177.40410000
35.39079846,172.99420000
35.43079846,168.58420000
35.47079846,164.17430000
35.51079846,164.17430000
35.55079846,159.76440000
35.59079846,159.76440000
35.63079846,155.35450000
35.67079846,150.94450000
35.71079846,146.53460000
35.75079846,146.53460000
35.79079846,146.53460000
35.83079846,142.10940000
35.87079846,137.69950000
35.91079846,133.28960000
35.95079846,133.28960000
35.99079846,128.87970000
36.03079846,128.87970000
36.07079846,124.46970000
36.11079846,124.46970000
36.15079846,115.64990000
36.19079846,115.64990000
36.23079846,111.24000000
36.27079846,111.24000000
36.31079846,106.83000000
36.35079846,106.83000000
36.39079846,102.42010000
36.43079846,97.99493000
36.47079846,93.58500000
36.51079846,93.58500000
36.55079846,89.17508000
36.59079846,89.17508000
36.63079845,84.76515000
36.67079845,80.35523000
36.71079845,75.94530000
36.75079845,75.94530000
36.79079845,71.53539000
36.83079845,67.12546000
36.87079845,62.71553000
36.91079845,62.71553000
36.95079845,58.30561000
36.99079845,58.30561000
37.03079845,53.89569000
37.07079845,49.47050000
37.11079845,45.06058000
37.15079845,45.06058000
37.19079845,40.65065000
37.23079845,40.65065000
37.27079845,36.24073000
37.31079845,31.83080000
37.35079845,27.42088000
37.39079845,23.01095000
37.43079845,23.01095000
37.47079845,18.60103000
37.51079845,18.60103000
37.55079845,14.19111000
37.59079845,9.78118100
37.63079845,5.37125700
37.67079845,5.37125700
37.71079845,0.96133300
37.75079845,-3.44859100
37.79079845,-3.44859100
37.83079845,-7.85851600
37.87079845,-12.26844000
37.91079845,-12.26844000
37.95079845,-16.67836000
37.99079845,-21.08829000
38.03079845,-25.49821000
38.07079845,-29.90814000
38.11079845,-29.90814000
38.15079845,-34.31806000
38.19079845,-38.72799000
38.23079845,-38.72799000
38.27079844,-43.15317000
38.31079844,-47.56310000
38.35079844,-47.56310000
38.39079844,-51.97302000
38.43079844,-56.38294000
38.47079844,-60.79287000
38.51079844,-60.79287000
38.55079844,-65.20279000
38.59079844,-65.20279000
38.63079844,-69.61272000
38.67079844,-69.61272000
38.71079844,-78.43256000
38.75079844,-82.84248000
38.79079844,-82.84248000
38.83079844,-87.25241000
38.87079844,-87.25241000
38.91079844,-91.67760000
38.95079844,-96.08752000
38.99079844,-96.08752000
39.03079844,-100.49750000
39.07079844,-100.49750000
39.11079844,-104.90740000
39.15079844,-109.31730000
39.19079844,-113.72720000
39.23079844,-118.13710000
39.27079844,-118.13710000
39.31079844,-118.13710000
39.35079844,-122.54710000
39.39079844,-126.95700000
39.43079844,-131.36690000
39.47079844,-135.79210000
39.51079844,-135.79210000
39.55079844,-135.79210000
39.59079844,-140.20200000
39.63079844,-140.20200000
39.67079844,-144.61190000
39.71079844,-149.02190000
39.75079844,-153.43180000
39.79079844,-153.43180000
39.83079844,-153.43180000
39.87079844,-157.84170000
39.91079844,-162.25160000
39.95079843,-162.25160000
39.99079843,-171.07150000
40.03079843,-171.07150000
40.07079843,-171.07150000
40.11079843,-175.48140000
40.15079843,-175.48140000
40.19079843,-179.89130000
40.23079843,-184.31650000
40.27079843,-184.31650000
40.31079843,-188.72640000
40.35079843,-188.72640000
40.39079843,-193.13640000
40.43079843,-193.13640000
40.47079843,-193.13640000
40.51079843,-201.95620000
40.55079843,-201.95620000
40.59079843,-206.36610000
40.63079843,-206.36610000
40.67079843,-206.36610000
40.71079843,-206.36610000
40.75079843,-210.77610000
40.79079843,-210.77610000
40.83079843,-219.59590000
40.87079843,-219.59590000
40.91079843,-219.59590000
40.95079843,-224.00580000
40.99079843,-224.00580000
41.03079843,-224.00580000
41.07079843,-228.41580000
41.11079843,-228.41580000
41.15079843,-228.41580000
41.19079843,-237.25090000
41.23079843,-237.25090000
41.27079843,-237.25090000
41.31079843,-241.66080000
41.35079843,-241.66080000
41.39079843,-241.66080000
41.43079843,-246.07070000
41.47079843,-246.07070000
41.51079843,-250.48060000
41.55079843,-250.48060000
41.59079842,-254.89060000
41.63079842,-254.89060000
41.67079842,-254.89060000
41.71079842,-259.30050000
41.75079842,-259.30050000
41.79079842,-259.30050000
41.83079842,-263.71040000
41.87079842,-263.71040000
41.91079842,-263.71040000
41.95079842,-268.12040000
41.99079842,-268.12040000
42.03079842,-272.53030000
42.07079842,-272.53030000
42.11079842,-272.53030000
42.15079842,-276.95550000
42.19079842,-276.95550000
42.23079842,-276.95550000
42.27079842,-276.95550000
42.31079842,-281.36540000
42.35079842,-281.36540000
42.39079842,-281.36540000
42.43079842,-281.36540000
42.47079842,-281.36540000
42.51079842,-281.36540000
42.55079842,-290.18520000
42.59079842,-285.77530000
42.63079842,-290.18520000
42.67079842,-290.18520000
42.71079842,-290.18520000
42.75079842,-290.18520000
42.79079842,-294.59520000
42.83079842,-294.59520000
42.87079842,-294.59520000
42.91079842,-294.59520000
42.95079842,-294.59520000
42.99079842,-294.59520000
43.03079842,-294.59520000
43.07079842,-294.59520000
43.11079842,-299.00510000
43.15079842,-294.59520000
43.19079842,-299.00510000
43.23079841,-299.00510000
43.27079841,-299.00510000
43.31079841,-299.00510000
43.35079841,-299.00510000
43.39079841,-299.00510000
43.43079841,-299.00510000
43.47079841,-299.00510000
43.51079841,-303.41500000
43.55079841,-303.41500000
43.59079841,-299.00510000
43.63079841,-299.00510000
43.67079841,-303.41500000
43.71079841,-299.00510000
43.75079841,-303.41500000
43.79079841,-303.41500000
43.83079841,-303.41500000
43.87079841,-303.41500000
43.91079841,-303.41500000
43.95079841,-303.41500000
43.99079841,-303.41500000
44.03079841,-303.41500000
44.07079841,-303.41500000
44.11079841,-299.00510000
44.15079841,-303.41500000
44.19079841,-299.00510000
44.23079841,-299.00510000
44.27079841,-299.00510000
44.31079841,-299.00510000
44.35079841,-299.00510000
44.39079841,-299.00510000
44.43079841,-299.00510000
44.47079841,-299.00510000
44.51079841,-299.00510000
44.55079841,-299.00510000
44.59079841,-299.00510000
44.63079841,-294.59520000
44.67079841,-294.59520000
44.71079841,-294.59520000
44.75079841,-294.59520000
44.79079841,-294.59520000
44.83079841,-294.59520000
44.87079840,-294.59520000
44.91079840,-294.59520000
44.95079840,-294.59520000
44.99079840,-290.18520000
45.03079840,-290.18520000
45.07079840,-290.18520000
45.11079840,-290.18520000
45.15079840,-290.18520000
45.19079840,-290.18520000
45.23079840,-285.77530000
45.27079840,-281.36540000
45.31079840,-281.36540000
45.35079840,-281.36540000
45.39079840,-281.36540000
45.43079840,-281.36540000
45.47079840,-281.36540000
45.51079840,-276.95550000
45.55079840,-276.95550000
45.59079840,-276.95550000
45.63079840,-276.95550000
45.67079840,-272.53030000
45.71079840,-272.53030000
45.75079840,-272.53030000
45.79079840,-272.53030000
45.83079840,-268.12040000
45.87079840,-263.71040000
45.91079840,-263.71040000
45.95079840,-263.71040000
45.99079840,-259.30050000
46.03079840,-259.30050000
46.07079840,-259.30050000
46.11079840,-259.30050000
46.15079840,-254.89060000
46.19079840,-254.89060000
46.23079840,-254.89060000
46.27079840,-246.07070000
46.31079840,-246.07070000
46.35079840,-246.07070000
46.39079840,-241.66080000
46.43079840,-241.66080000
46.47079840,-241.66080000
46.51079839,-241.66080000
46.55079839,-237.25090000
46.59079839,-237.25090000
46.63079839,-232.84100000
46.67079839,-228.41580000
46.71079839,-228.41580000
46.75079839,-224.00580000
46.79079839,-224.00580000
46.83079839,-224.00580000
46.87079839,-219.59590000
46.91079839,-219.59590000
46.95079839,-219.59590000
46.99079839,-215.18600000
47.03079839,-210.77610000
47.07079839,-210.77610000
47.11079839,-206.36610000
47.15079839,-206.36610000
47.19079839,-206.36610000
47.23079839,-201.95620000
47.27079839,-201.95620000
47.31079839,-193.13640000
47.35079839,-193.13640000
47.39079839,-193.13640000
47.43079839,-188.72640000
47.47079839,-188.72640000
47.51079839,-184.31650000
47.55079839,-184.31650000
47.59079839,-179.89130000
47.63079839,-175.48140000
47.67079839,-175.48140000
47.71079839,-171.07150000
47.75079839,-171.07150000
47.79079839,-166.66160000
47.83079839,-166.66160000
47.87079839,-162.25160000
47.91079839,-157.84170000
47.95079839,-153.43180000
47.99079839,-153.43180000
48.03079839,-153.43180000
48.07079839,-149.02190000
48.11079839,-149.02190000
48.15079838,-140.20200000
48.19079838,-140.20200000
48.23079838,-135.79210000
48.27079838,-135.79210000
48.31079838,-131.36690000
48.35079838,-131.36690000
48.39079838,-126.95700000
48.43079838,-122.54710000
48.47079838,-122.54710000
48.51079838,-118.13710000
48.55079838,-118.13710000
48.59079838,-113.72720000
48.63079838,-109.31730000
48.67079838,-104.90740000
48.71079838,-100.49750000
48.75079838,-100.49750000
48.79079838,-96.08752000
48.83079838,-96.08752000
48.87079838,-87.25241000
48.91079838,-87.25241000
48.95079838,-82.84248000
48.99079838,-82.84248000
49.03079838,-82.84248000
49.07079838,-78.43256000
49.11079838,-69.61272000
49.15079838,-69.61272000
49.19079838,-69.61272000
49.23079838,-65.20279000
49.27079838,-65.20279000
49.31079838,-56.38294000
49.35079838,-56.38294000
49.39079838,-51.97302000
49.43079838,-47.56310000
49.47079838,-47.56310000
49.51079838,-47.56310000
49.55079838,-43.15317000
49.59079838,-34.31806000
49.63079838,-34.31806000
49.67079838,-29.90814000
49.71079838,-29.90814000
49.75079838,-25.49821000
49.79079837,-16.67836000
49.83079837,-16.67836000
49.87079837,-12.26844000
49.91079837,-12.26844000
49.95079837,-7.85851600
49.99079837,-7.85851600
50.03079837,0.96133300
50.07079837,0.96133300
50.11079837,5.37125700
50.15079837,5.37125700
50.19079837,9.78118100
50.23079837,9.78118100
50.27079837,18.60103000
50.31079837,18.60103000
50.35079837,23.01095000
50.39079837,23.01095000
50.43079837,23.01095000
50.47079837,31.83080000
50.51079837,36.24073000
50.55079837,36.24073000
50.59079837,40.65065000
50.63079837,40.65065000
50.67079837,45.06058000
50.71079837,49.47050000
50.75079837,53.89569000
50.79079837,58.30561000
50.83079837,58.30561000
50.87079837,62.71553000
50.91079837,67.12546000
50.95079837,71.53539000
50.99079837,71.53539000
51.03079837,75.94530000
51.07079837,75.94530000
51.11079837,80.35523000
51.15079837,84.76515000
51.19079837,89.17508000
51.23079837,89.17508000
51.27079837,93.58500000
51.31079837,93.58500000
51.35079837,93.58500000
51.39079837,97.99493000
51.43079837,106.83000000
51.47079836,106.83000000
51.51079836,111.24000000
51.55079836,111.24000000
51.59079836,115.64990000
51.63079836,120.05980000
51.67079836,124.46970000
51.71079836,124.46970000
51.75079836,128.87970000
51.79079836,128.87970000
51.83079836,133.28960000
51.87079836,137.69950000
51.91079836,142.10940000
51.95079836,142.10940000
51.99079836,146.53460000
52.03079836,146.53460000
52.07079836,150.94450000
52.11079836,150.94450000
52.15079836,155.35450000
52.19079836,159.76440000
52.23079836,164.17430000
52.27079836,164.17430000
52.31079836,164.17430000
52.35079836,168.58420000
52.39079836,168.58420000
52.43079836,177.40410000
52.47079836,177.40410000
52.51079836,181.81400000
52.55079836,181.81400000
52.59079836,181.81400000
52.63079836,186.22390000
52.67079836,190.63390000
52.71079836,195.05900000
52.75079836,195.05900000
52.79079836,199.46900000
52.83079836,199.46900000
52.87079836,199.46900000
52.91079836,203.87890000
52.95079836,203.87890000
52.99079836,208.28880000
53.03079836,212.69870000
53.07079836,212.69870000
53.11079835,217.10870000
53.15079835,217.10870000
53.19079835,217.10870000
53.23079835,221.51860000
53.27079835,225.92850000
53.31079835,225.92850000
53.35079835,230.33840000
53.39079835,230.33840000
53.43079835,234.74840000
53.47079835,234.74840000
53.51079835,234.74840000
53.55079835,234.74840000
53.59079835,239.15830000
53.63079835,239.15830000
53.67079835,243.58350000
53.71079835,247.99340000
53.75079835,247.99340000
53.79079835,252.40330000
53.83079835,252.40330000
53.87079835,252.40330000
53.91079835,252.40330000
53.95079835,256.81320000
53.99079835,256.81320000
54.03079835,261.22310000
54.07079835,265.63310000
54.11079835,265.63310000
54.15079835,270.04300000
54.19079835,270.04300000
54.23079835,270.04300000
54.27079835,270.04300000
54.31079835,270.04300000
54.35079835,274.45290000
54.39079835,274.45290000
54.43079835,278.86290000
54.47079835,278.86290000
54.51079835,283.27280000
54.55079835,283.27280000
54.59079835,283.27280000
54.63079835,283.27280000
54.67079835,287.69800000
54.71079835,287.69800000
54.75079834,287.69800000
54.79079834,287.69800000
54.83079834,287.69800000
54.87079834,292.10790000
54.91079834,292.10790000
54.95079834,292.10790000
54.99079834,296.51780000
55.03079834,296.51780000
55.07079834,296.51780000
55.11079834,300.92770000
55.15079834,300.92770000
55.19079834,300.92770000
55.23079834,300.92770000
55.27079834,300.92770000
55.31079834,305.33770000
55.35079834,305.33770000
55.39079834,305.33770000
55.43079834,305.33770000
55.47079834,305.33770000
55.51079834,305.33770000
55.55079834,305.33770000
55.59079834,305.33770000
55.63079834,305.33770000
55.67079834,309.74760000
55.71079834,309.74760000
55.75079834,309.74760000
55.79079834,309.74760000
55.83079834,309.74760000
55.87079834,309.74760000
55.91079834,309.74760000
55.95079834,309.74760000
55.99079834,318.56740000
56.03079834,309.74760000
56.07079834,309.74760000
56.11079834,314.15750000
56.15079834,314.15750000
56.19079834,318.56740000
56.23079834,318.56740000
56.27079834,314.15750000
56.31079834,318.56740000
56.35079834,314.15750000
56.39079833,318.56740000
56.43079833,314.15750000
56.47079833,318.56740000
56.51079833,318.56740000
56.55079833,314.15750000
56.59079833,318.56740000
56.63079833,309.74760000
56.67079833,314.15750000
56.71079833,314.15750000
56.75079833,314.15750000
56.79079833,309.74760000
56.83079833,314.15750000
56.87079833,309.74760000
56.91079833,314.15750000
56.95079833,309.74760000
56.99079833,309.74760000
57.03079833,309.74760000
57.07079833,309.74760000
57.11079833,309.74760000
57.15079833,309.74760000
57.19079833,305.33770000
57.23079833,305.33770000
57.27079833,305.33770000
57.31079833,305.33770000
57.35079833,305.33770000
57.39079833,305.33770000
57.43079833,305.33770000
57.47079833,305.33770000
57.51079833,300.92770000
57.55079833,300.92770000
57.59079833,300.92770000
57.63079833,305.33770000
57.67079833,296.51780000
57.71079833,300.92770000
57.75079833,296.51780000
57.79079833,296.51780000
57.83079833,292.10790000
57.87079833,292.10790000
57.91079833,292.10790000
57.95079833,287.69800000
57.99079833,287.69800000
58.03079832,287.69800000
58.07079832,287.69800000
58.11079832,287.69800000
58.15079832,287.69800000
58.19079832,287.69800000
58.23079832,283.27280000
58.27079832,283.27280000
58.31079832,278.86290000
58.35079832,274.45290000
58.39079832,274.45290000
58.43079832,274.45290000
58.47079832,274.45290000
58.51079832,270.04300000
58.55079832,270.04300000
58.59079832,270.04300000
58.63079832,270.04300000
58.67079832,265.63310000
58.71079832,265.63310000
58.75079832,265.63310000
58.79079832,256.81320000
58.83079832,256.81320000
58.87079832,252.40330000
58.91079832,252.40330000
58.95079832,252.40330000
58.99079832,252.40330000
59.03079832,247.99340000
59.07079832,247.99340000
59.11079832,243.58350000
59.15079832,243.58350000
59.19079832,239.15830000
59.23079832,234.74840000
59.27079832,234.74840000
59.31079832,234.74840000
59.35079832,234.74840000
59.39079832,230.33840000
59.43079832,230.33840000
59.47079832,225.92850000
59.51079832,221.51860000
59.55079832,221.51860000
59.59079832,217.10870000
59.63079832,217.10870000
59.67079831,217.10870000
59.71079831,212.69870000
59.75079831,212.69870000
59.79079831,208.28880000
59.83079831,203.87890000
59.87079831,199.46900000
59.91079831,199.46900000
59.95079831,199.46900000
59.99079831,199.46900000
60.03079831,195.05900000
60.07079831,190.63390000
60.11079831,190.63390000
60.15079831,186.22390000
60.19079831,181.81400000
60.23079831,181.81400000
60.27079831,181.81400000
60.31079831,177.40410000
60.35079831,177.40410000
60.39079831,168.58420000
60.43079831,168.58420000
60.47079831,164.17430000
60.51079831,164.17430000
60.55079831,159.76440000
60.59079831,159.76440000
60.63079831,155.35450000
60.67079831,150.94450000
60.71079831,150.94450000
60.75079831,146.53460000
60.79079831,142.10940000
60.83079831,142.10940000
60.87079831,142.10940000
60.91079831,133.28960000
60.95079831,128.87970000
60.99079831,128.87970000
61.03079831,128.87970000
61.07079831,124.46970000
61.11079831,124.46970000
61.15079831,120.05980000
61.19079831,115.64990000
61.23079831,111.24000000
61.27079831,111.24000000
61.31079830,106.83000000
61.35079830,106.83000000
61.39079830,97.99493000
61.43079830,97.99493000
61.47079830,93.58500000
61.51079830,93.58500000
61.55079830,89.17508000
61.59079830,84.76515000
61.63079830,84.76515000
61.67079830,80.35523000
61.71079830,75.94530000
61.75079830,75.94530000
61.79079830,71.53539000
61.83079830,71.53539000
61.87079830,62.71553000
61.91079830,58.30561000
61.95079830,58.30561000
61.99079830,58.30561000
62.03079830,53.89569000
62.07079830,49.47050000
62.11079830,49.47050000
62.15079830,40.65065000
62.19079830,40.65065000
62.23079830,40.65065000
62.27079830,36.24073000
62.31079830,31.83080000
62.35079830,27.42088000
62.39079830,23.01095000
62.43079830,23.01095000
62.47079830,18.60103000
62.51079830,14.19111000
62.55079830,9.78118100
62.59079830,9.78118100
62.63079830,5.37125700
62.67079830,5.37125700
62.71079830,0.96133300
62.75079830,-3.44859100
62.79079830,-7.85851600
62.83079830,-7.85851600
62.87079830,-12.26844000
62.91079830,-16.67836000
62.95079829,-16.67836000
62.99079829,-21.08829000
63.03079829,-25.49821000
63.07079829,-29.90814000
63.11079829,-34.31806000
63.15079829,-34.31806000
63.19079829,-34.31806000
63.23079829,-43.15317000
63.27079829,-43.15317000
63.31079829,-47.56310000
63.35079829,-47.56310000
63.39079829,-51.97302000
63.43079829,-56.38294000
63.47079829,-56.38294000
63.51079829,-65.20279000
63.55079829,-65.20279000
63.59079829,-65.20279000
63.63079829,-69.61272000
63.67079829,-74.02264000
63.71079829,-78.43256000
63.75079829,-78.43256000
63.79079829,-82.84248000
63.83079829,-82.84248000
63.87079829,-87.25241000
63.91079829,-91.67760000
63.95079829,-96.08752000
63.99079829,-100.49750000
64.03079829,-100.49750000
64.07079829,-100.49750000
64.11079829,-100.49750000
64.15079829,-104.90740000
64.19079829,-113.72720000
64.23079829,-118.13710000
64.27079829,-118.13710000
64.31079829,-118.13710000
64.35079829,-122.54710000
64.39079829,-126.95700000
64.43079829,-131.36690000
64.47079829,-131.36690000
64.51079829,-135.79210000
64.55079829,-135.79210000
64.59079829,-135.79210000
64.63079828,-140.20200000
64.67079828,-144.61190000
64.71079828,-149.02190000
64.75079828,-153.43180000
64.79079828,-153.43180000
64.83079828,-153.43180000
64.87079828,-157.84170000
64.91079828,-157.84170000
64.95079828,-162.25160000
64.99079828,-166.66160000
65.03079828,-171.07150000
65.07079828,-171.07150000
65.11079828,-171.07150000
65.15079828,-175.48140000
65.19079828,-175.48140000
65.23079828,-184.31650000
65.27079828,-184.31650000
65.31079828,-188.72640000
65.35079828,-188.72640000
65.39079828,-188.72640000
65.43079828,-193.13640000
65.47079828,-193.13640000
65.51079828,-197.54630000
65.55079828,-201.95620000
65.59079828,-201.95620000
65.63079828,-206.36610000
65.67079828,-206.36610000
65.71079828,-206.36610000
65.75079828,-210.77610000
65.79079828,-210.77610000
65.83079828,-219.59590000
65.87079828,-219.59590000
65.91079828,-219.59590000
65.95079828,-224.00580000
65.99079828,-224.00580000
66.03079828,-224.00580000
66.07079828,-228.41580000
66.11079828,-232.84100000
66.15079828,-232.84100000
66.19079828,-237.25090000
66.23079828,-237.25090000
66.27079827,-241.66080000
66.31079827,-241.66080000
66.35079827,-241.66080000
66.39079827,-241.66080000
66.43079827,-246.07070000
66.47079827,-246.07070000
66.51079827,-246.07070000
66.55079827,-254.89060000
66.59079827,-254.89060000
66.63079827,-254.89060000
66.67079827,-259.30050000
66.71079827,-259.30050000
66.75079827,-259.30050000
66.79079827,-259.30050000
66.83079827,-263.71040000
66.87079827,-263.71040000
66.91079827,-263.71040000
66.95079827,-263.71040000
66.99079827,-268.12040000
67.03079827,-272.53030000
67.07079827,-272.53030000
67.11079827,-276.95550000
67.15079827,-276.95550000
67.19079827,-276.95550000
67.23079827,-276.95550000
67.27079827,-276.95550000
67.31079827,-281.36540000
67.35079827,-281.36540000
67.39079827,-281.36540000
67.43079827,-281.36540000
67.47079827,-281.36540000
67.51079827,-285.77530000
67.55079827,-285.77530000
67.59079827,-290.18520000
67.63079827,-290.18520000
67.67079827,-290.18520000
67.71079827,-290.18520000
67.75079827,-294.59520000
67.79079827,-294.59520000
67.83079827,-294.59520000
67.87079827,-294.59520000
67.91079826,-294.59520000
67.95079826,-294.59520000
67.99079826,-294.59520000
68.03079826,-294.59520000
68.07079826,-294.59520000
68.11079826,-294.59520000
68.15079826,-299.00510000
68.19079826,-299.00510000
68.23079826,-299.00510000
68.27079826,-299.00510000
68.31079826,-299.00510000
68.35079826,-299.00510000
68.39079826,-299.00510000
68.43079826,-299.00510000
68.47079826,-299.00510000
68.51079826,-303.41500000
68.55079826,-303.41500000
68.59079826,-299.00510000
68.63079826,-303.41500000
68.67079826,-303.41500000
68.71079826,-299.00510000
68.75079826,-303.41500000
68.79079826,-303.41500000
68.83079826,-303.41500000
68.87079826,-303.41500000
68.91079826,-299.00510000
68.95079826,-299.00510000
68.99079826,-303.41500000
69.03079826,-303.41500000
69.07079826,-299.00510000
69.11079826,-299.00510000
69.15079826,-299.00510000
69.19079826,-299.00510000
69.23079826,-303.41500000
69.27079826,-299.00510000
69.31079826,-299.00510000
69.35079826,-299.00510000
69.39079826,-299.00510000
69.43079826,-299.00510000
69.47079826,-299.00510000
69.51079826,-299.00510000
69.55079825,-299.00510000
69.59079825,-299.00510000
69.63079825,-299.00510000
69.67079825,-294.59520000
69.71079825,-294.59520000
69.75079825,-294.59520000
69.79079825,-294.59520000
69.83079825,-294.59520000
69.87079825,-294.59520000
69.91079825,-294.59520000
69.95079825,-294.59520000
69.99079825,-290.18520000
70.03079825,-290.18520000
70.07079825,-290.18520000
70.11079825,-290.18520000
70.15079825,-290.18520000
70.19079825,-285.77530000
70.23079825,-285.77530000
70.27079825,-285.77530000
70.31079825,-281.36540000
70.35079825,-281.36540000
70.39079825,-281.36540000
70.43079825,-281.36540000
70.47079825,-276.95550000
70.51079825,-281.36540000
70.55079825,-276.95550000
70.59079825,-276.95550000
70.63079825,-272.53030000
70.67079825,-272.53030000
70.71079825,-272.53030000
70.75079825,-272.53030000
70.79079825,-268.12040000
70.83079825,-268.12040000
70.87079825,-263.71040000
70.91079825,-263.71040000
70.95079825,-263.71040000
70.99079825,-259.30050000
71.03079825,-259.30050000
71.07079825,-259.30050000
71.11079825,-259.30050000
71.15079825,-254.89060000
71.19079824,-254.89060000
71.23079824,-254.89060000
71.27079824,-246.07070000
71.31079824,-246.07070000
71.35079824,-246.07070000
71.39079824,-241.66080000
71.43079824,-241.66080000
71.47079824,-241.66080000
71.51079824,-241.66080000
71.55079824,-237.25090000
71.59079824,-237.25090000
71.63079824,-232.84100000
71.67079824,-232.84100000
71.71079824,-228.41580000
71.75079824,-228.41580000
71.79079824,-224.00580000
71.83079824,-224.00580000
71.87079824,-219.59590000
71.91079824,-219.59590000
71.95079824,-219.59590000
71.99079824,-210.77610000
72.03079824,-210.77610000
72.07079824,-210.77610000
72.11079824,-206.36610000
72.15079824,-206.36610000
72.19079824,-201.95620000
72.23079824,-201.95620000
72.27079824,-201.95620000
72.31079824,-193.13640000
72.35079824,-193.13640000
72.39079824,-188.72640000
72.43079824,-188.72640000
72.47079824,-188.72640000
72.51079824,-184.31650000
72.55079824,-184.31650000
72.59079824,-175.48140000
72.63079824,-175.48140000
72.67079824,-171.07150000
72.71079824,-171.07150000
72.75079824,-171.07150000
72.79079824,-166.66160000
72.83079823,-166.66160000
72.87079823,-157.84170000
72.91079823,-157.84170000
72.95079823,-157.84170000
72.99079823,-153.43180000
73.03079823,-149.02190000
73.07079823,-149.02190000
73.11079823,-144.61190000
73.15079823,-144.61190000
73.19079823,-140.20200000
73.23079823,-135.79210000
73.27079823,-135.79210000
73.31079823,-131.36690000
73.35079823,-131.36690000
73.39079823,-126.95700000
73.43079823,-122.54710000
73.47079823,-122.54710000
73.51079823,-118.13710000
73.55079823,-118.13710000
73.59079823,-113.72720000
73.63079823,-104.90740000
73.67079823,-104.90740000
73.71079823,-100.49750000
73.75079823,-100.49750000
73.79079823,-100.49750000
73.83079823,-96.08752000
73.87079823,-91.67760000
73.91079823,-87.25241000
73.95079823,-82.84248000
73.99079823,-82.84248000
74.03079823,-82.84248000
74.07079823,-78.43256000
74.11079823,-69.61272000
74.15079823,-69.61272000
74.19079823,-69.61272000
74.23079823,-65.20279000
74.27079823,-60.79287000
74.31079823,-60.79287000
74.35079823,-56.38294000
74.39079823,-51.97302000
74.43079823,-47.56310000
74.47079822,-47.56310000
74.51079822,-43.15317000
74.55079822,-43.15317000
74.59079822,-34.31806000
74.63079822,-29.90814000
74.67079822,-29.90814000
74.71079822,-29.90814000
74.75079822,-25.49821000
74.79079822,-25.49821000
74.83079822,-16.67836000
74.87079822,-16.67836000
74.91079822,-12.26844000
74.95079822,-7.85851600
74.99079822,-7.85851600
75.03079822,0.96133300
75.07079822,0.96133300
75.11079822,5.37125700
75.15079822,5.37125700
75.19079822,5.37125700
75.23079822,9.78118100
75.27079822,18.60103000
75.31079822,18.60103000
75.35079822,23.01095000
75.39079822,23.01095000
75.43079822,27.42088000
75.47079822,36.24073000
75.51079822,36.24073000
75.55079822,36.24073000
75.59079822,40.65065000
75.63079822,40.65065000
75.67079822,45.06058000
75.71079822,49.47050000
75.75079822,53.89569000
75.79079822,58.30561000
75.83079822,58.30561000
75.87079822,62.71553000
75.91079822,67.12546000
75.95079822,71.53539000
75.99079822,71.53539000
76.03079822,75.94530000
76.07079822,75.94530000
76.11079822,80.35523000
76.15079821,80.35523000
76.19079821,84.76515000
76.23079821,89.17508000
76.27079821,89.17508000
76.31079821,93.58500000
76.35079821,97.99493000
76.39079821,97.99493000
76.43079821,102.42010000
76.47079821,106.83000000
76.51079821,111.24000000
76.55079821,111.24000000
76.59079821,111.24000000
76.63079821,120.05980000
76.67079821,124.46970000
76.71079821,124.46970000
76.75079821,128.87970000
76.79079821,128.87970000
76.83079821,133.28960000
76.87079821,133.28960000
76.91079821,142.10940000
76.95079821,142.10940000
76.99079821,146.53460000
77.03079821,146.53460000
77.07079821,146.53460000
77.11079821,150.94450000
77.15079821,155.35450000
77.19079821,159.76440000
77.23079821,159.76440000
77.27079821,164.17430000
77.31079821,164.17430000
77.35079821,168.58420000
77.39079821,168.58420000
77.43079821,177.40410000
77.47079821,177.40410000
77.51079821,181.81400000
77.55079821,181.81400000
77.59079821,186.22390000
77.63079821,186.22390000
77.67079821,186.22390000
77.71079821,195.05900000
77.75079821,195.05900000
77.79079820,195.05900000
77.83079820,199.46900000
77.87079820,199.46900000
77.91079820,199.46900000
77.95079820,203.87890000
77.99079820,203.87890000
78.03079820,212.69870000
78.07079820,212.69870000
78.11079820,217.10870000
78.15079820,217.10870000
78.19079820,217.10870000
78.23079820,221.51860000
78.27079820,221.51860000
78.31079820,225.92850000
78.35079820,230.33840000
78.39079820,230.33840000
78.43079820,234.74840000
78.47079820,234.74840000
78.51079820,234.74840000
78.55079820,239.15830000
78.59079820,239.15830000
78.63079820,239.15830000
78.67079820,247.99340000
78.71079820,247.99340000
78.75079820,247.99340000
78.79079820,252.40330000
78.83079820,252.40330000
78.87079820,252.40330000
78.91079820,256.81320000
78.95079820,256.81320000
78.99079820,261.22310000
79.03079820,265.63310000
79.07079820,265.63310000
79.11079820,265.63310000
79.15079820,265.63310000
79.19079820,270.04300000
79.23079820,270.04300000
79.27079820,270.04300000
79.31079820,274.45290000
79.35079820,274.45290000
79.39079820,278.86290000
79.43079819,274.45290000
79.47079819,283.27280000
79.51079819,278.86290000
79.55079819,283.27280000
79.59079819,283.27280000
79.63079819,287.69800000
79.67079819,287.69800000
79.71079819,287.69800000
79.75079819,287.69800000
79.79079819,287.69800000
79.83079819,287.69800000
79.87079819,292.10790000
79.91079819,292.10790000
79.95079819,292.10790000
79.99079819,296.51780000
80.03079819,296.51780000
80.07079819,296.51780000
80.11079819,300.92770000
80.15079819,300.92770000
80.19079819,300.92770000
80.23079819,300.92770000
80.27079819,300.92770000
80.31079819,305.33770000
80.35079819,305.33770000
80.39079819,305.33770000
80.43079819,305.33770000
80.47079819,305.33770000
80.51079819,305.33770000
80.55079819,305.33770000
80.59079819,305.33770000
80.63079819,305.33770000
80.67079819,309.74760000
80.71079819,309.74760000
80.75079819,309.74760000
80.79079819,309.74760000
80.83079819,309.74760000
80.87079819,309.74760000
80.91079819,314.15750000
80.95079819,309.74760000
80.99079819,314.15750000
81.03079819,318.56740000
81.07079818,314.15750000
81.11079818,314.15750000
81.15079818,314.15750000
81.19079818,314.15750000
81.23079818,314.15750000
81.27079818,314.15750000
81.31079818,318.56740000
81.35079818,318.56740000
81.39079818,318.56740000
81.43079818,318.56740000
81.47079818,314.15750000
81.51079818,314.15750000
81.55079818,318.56740000
81.59079818,318.56740000
81.63079818,318.56740000
81.67079818,314.15750000
81.71079818,314.15750000
81.75079818,309.74760000
81.79079818,309.74760000
81.83079818,309.74760000
81.87079818,314.15750000
81.91079818,309.74760000
81.95079818,309.74760000
81.99079818,309.74760000
82.03079818,309.74760000
82.07079818,309.74760000
82.11079818,309.74760000
82.15079818,309.74760000
82.19079818,305.33770000
82.23079818,305.33770000
82.27079818,305.33770000
82.31079818,305.33770000
82.35079818,305.33770000
82.39079818,305.33770000
82.43079818,305.33770000
82.47079818,305.33770000
82.51079818,305.33770000
82.55079818,300.92770000
82.59079818,300.92770000
82.63079818,300.92770000
82.67079818,300.92770000
82.71079817,300.92770000
82.75079817,296.51780000
82.79079817,296.51780000
82.83079817,292.10790000
82.87079817,292.10790000
82.91079817,292.10790000
82.95079817,287.69800000
82.99079817,292.10790000
83.03079817,287.69800000
83.07079817,287.69800000
83.11079817,287.69800000
83.15079817,287.69800000
83.19079817,283.27280000
83.23079817,283.27280000
83.27079817,283.27280000
83.31079817,278.86290000
83.35079817,274.45290000
83.39079817,274.45290000
83.43079817,274.45290000
83.47079817,270.04300000
83.51079817,270.04300000
83.55079817,270.04300000
83.59079817,270.04300000
83.63079817,265.63310000
83.67079817,265.63310000
83.71079817,265.63310000
83.75079817,261.22310000
83.79079817,261.22310000
83.83079817,256.81320000
83.87079817,252.40330000
83.91079817,252.40330000
83.95079817,252.40330000
83.99079817,252.40330000
84.03079817,247.99340000
84.07079817,247.99340000
84.11079817,243.58350000
84.15079817,239.15830000
84.19079817,239.15830000
84.23079817,239.15830000
84.27079817,234.74840000
84.31079817,234.74840000
84.35079816,230.33840000
84.39079816,230.33840000
84.43079816,230.33840000
84.47079816,225.92850000
84.51079816,225.92850000
84.55079816,221.51860000
84.59079816,217.10870000
84.63079816,217.10870000
84.67079816,217.10870000
84.71079816,212.69870000
84.75079816,212.69870000
84.79079816,208.28880000
84.83079816,203.87890000
84.87079816,203.87890000
84.91079816,199.46900000
84.95079816,199.46900000
84.99079816,195.05900000
85.03079816,195.05900000
85.07079816,195.05900000
85.11079816,186.22390000
85.15079816,186.22390000
85.19079816,181.81400000
85.23079816,181.81400000
85.27079816,181.81400000
85.31079816,177.40410000
85.35079816,172.99420000
85.39079816,168.58420000
85.43079816,168.58420000
85.47079816,164.17430000
85.51079816,164.17430000
85.55079816,164.17430000
85.59079816,159.76440000
85.63079816,155.35450000
85.67079816,150.94450000
85.71079816,146.53460000
85.75079816,146.53460000
85.79079816,146.53460000
85.83079816,142.10940000
85.87079816,137.69950000
85.91079816,133.28960000
85.95079816,133.28960000
85.99079815,128.87970000
86.03079815,128.87970000
86.07079815,124.46970000
86.11079815,124.46970000
86.15079815,115.64990000
86.19079815,115.64990000
86.23079815,111.24000000
86.27079815,111.24000000
86.31079815,106.83000000
86.35079815,106.83000000
86.39079815,102.42010000
86.43079815,97.99493000
86.47079815,93.58500000
86.51079815,93.58500000
86.55079815,89.17508000
86.59079815,84.76515000
86.63079815,84.76515000
86.67079815,80.35523000
86.71079815,75.94530000
86.75079815,75.94530000
86.79079815,71.53539000
86.83079815,71.53539000
86.87079815,67.12546000
86.91079815,62.71553000
86.95079815,58.30561000
86.99079815,58.30561000
87.03079815,53.89569000
87.07079815,53.89569000
87.11079815,45.06058000
87.15079815,45.06058000
87.19079815,40.65065000
87.23079815,40.65065000
87.27079815,36.24073000
87.31079815,31.83080000
87.35079815,27.42088000
87.39079815,23.01095000
87.43079815,23.01095000
87.47079815,18.60103000
87.51079815,18.60103000
87.55079815,9.78118100
87.59079815,5.37125700
87.63079814,5.37125700
87.67079814,5.37125700
87.71079814,0.96133300
87.75079814,-3.44859100
87.79079814,-7.85851600
87.83079814,-12.26844000
87.87079814,-12.26844000
87.91079814,-16.67836000
87.95079814,-16.67836000
87.99079814,-21.08829000
88.03079814,-25.49821000
88.07079814,-29.90814000
88.11079814,-34.31806000
88.15079814,-34.31806000
88.19079814,-34.31806000
88.23079814,-43.15317000
88.27079814,-47.56310000
88.31079814,-47.56310000
88.35079814,-47.56310000
88.39079814,-51.97302000
88.43079814,-56.38294000
88.47079814,-60.79287000
88.51079814,-65.20279000
88.55079814,-65.20279000
88.59079814,-65.20279000
88.63079814,-69.61272000
88.67079814,-74.02264000
88.71079814,-78.43256000
88.75079814,-82.84248000
88.79079814,-82.84248000
88.83079814,-82.84248000
88.87079814,-87.25241000
88.91079814,-91.67760000
88.95079814,-91.67760000
88.99079814,-96.08752000
89.03079814,-100.49750000
89.07079814,-100.49750000
89.11079814,-104.90740000
89.15079814,-104.90740000
89.19079814,-113.72720000
89.23079814,-118.13710000
89.27079814,-118.13710000
89.31079813,-122.54710000
89.35079813,-122.54710000
89.39079813,-126.95700000
89.43079813,-131.36690000
89.47079813,-135.79210000
89.51079813,-135.79210000
89.55079813,-135.79210000
89.59079813,-140.20200000
89.63079813,-140.20200000
89.67079813,-144.61190000
89.71079813,-149.02190000
89.75079813,-153.43180000
89.79079813,-153.43180000
89.83079813,-153.43180000
89.87079813,-157.84170000
89.91079813,-157.84170000
89.95079813,-166.66160000
89.99079813,-166.66160000
90.03079813,-171.07150000
90.07079813,-171.07150000
90.11079813,-175.48140000
90.15079813,-175.48140000
90.19079813,-179.89130000
90.23079813,-184.31650000
90.27079813,-184.31650000
90.31079813,-188.72640000
90.35079813,-188.72640000
90.39079813,-193.13640000
90.43079813,-193.13640000
90.47079813,-193.13640000
90.51079813,-197.54630000
90.55079813,-201.95620000
90.59079813,-206.36610000
90.63079813,-206.36610000
90.67079813,-206.36610000
90.71079813,-210.77610000
90.75079813,-210.77610000
90.79079813,-210.77610000
90.83079813,-215.18600000
90.87079813,-219.59590000
90.91079813,-224.00580000
90.95079812,-224.00580000
90.99079812,-224.00580000
91.03079812,-224.00580000
91.07079812,-228.41580000
91.11079812,-228.41580000
91.15079812,-232.84100000
91.19079812,-237.25090000
91.23079812,-237.25090000
91.27079812,-241.66080000
91.31079812,-241.66080000
91.35079812,-241.66080000
91.39079812,-241.66080000
91.43079812,-246.07070000
91.47079812,-246.07070000
91.51079812,-246.07070000
91.55079812,-254.89060000
91.59079812,-254.89060000
91.63079812,-254.89060000
91.67079812,-259.30050000
91.71079812,-259.30050000
91.75079812,-259.30050000
91.79079812,-263.71040000
91.83079812,-263.71040000
91.87079812,-263.71040000
91.91079812,-263.71040000
91.95079812,-268.12040000
91.99079812,-268.12040000
92.03079812,-268.12040000
92.07079812,-272.53030000
92.11079812,-272.53030000
92.15079812,-276.95550000
92.19079812,-276.95550000
92.23079812,-276.95550000
92.27079812,-276.95550000
92.31079812,-276.95550000
92.35079812,-276.95550000
92.39079812,-281.36540000
92.43079812,-281.36540000
92.47079812,-281.36540000
92.51079812,-285.77530000
92.55079812,-290.18520000
92.59079811,-285.77530000
92.63079811,-290.18520000
92.67079811,-290.18520000
92.71079811,-290.18520000
92.75079811,-290.18520000
92.79079811,-290.18520000
92.83079811,-290.18520000
92.87079811,-294.59520000
92.91079811,-294.59520000
92.95079811,-294.59520000
92.99079811,-294.59520000
93.03079811,-294.59520000
93.07079811,-294.59520000
93.11079811,-294.59520000
93.15079811,-299.00510000
93.19079811,-299.00510000
93.23079811,-299.00510000
93.27079811,-299.00510000
93.31079811,-299.00510000
93.35079811,-299.00510000
93.39079811,-299.00510000
93.43079811,-299.00510000
93.47079811,-303.41500000
93.51079811,-299.00510000
93.55079811,-303.41500000
93.59079811,-303.41500000
93.63079811,-303.41500000
93.67079811,-303.41500000
93.71079811,-303.41500000
93.75079811,-303.41500000
93.79079811,-299.00510000
93.83079811,-303.41500000
93.87079811,-303.41500000
93.91079811,-303.41500000
93.95079811,-303.41500000
93.99079811,-299.00510000
94.03079811,-299.00510000
94.07079811,-303.41500000
94.11079811,-299.00510000
94.15079811,-303.41500000
94.19079811,-303.41500000
94.23079810,-303.41500000
94.27079810,-299.00510000
94.31079810,-299.00510000
94.35079810,-299.00510000
94.39079810,-299.00510000
94.43079810,-299.00510000
94.47079810,-299.00510000
94.51079810,-299.00510000
94.55079810,-299.00510000
94.59079810,-299.00510000
94.63079810,-299.00510000
94.67079810,-299.00510000
94.71079810,-294.59520000
94.75079810,-294.59520000
94.79079810,-294.59520000
94.83079810,-294.59520000
94.87079810,-294.59520000
94.91079810,-294.59520000
94.95079810,-294.59520000
94.99079810,-290.18520000
95.03079810,-290.18520000
95.07079810,-290.18520000
95.11079810,-290.18520000
95.15079810,-290.18520000
95.19079810,-290.18520000
95.23079810,-285.77530000
95.27079810,-281.36540000
95.31079810,-285.77530000
95.35079810,-281.36540000
95.39079810,-281.36540000
95.43079810,-281.36540000
95.47079810,-276.95550000
95.51079810,-276.95550000
95.55079810,-276.95550000
95.59079810,-276.95550000
95.63079810,-276.95550000
95.67079810,-276.95550000
95.71079810,-272.53030000
95.75079810,-272.53030000
95.79079810,-272.53030000
95.83079810,-263.71040000
95.87079809,-263.71040000
95.91079809,-263.71040000
95.95079809,-263.71040000
95.99079809,-259.30050000
96.03079809,-259.30050000
96.07079809,-259.30050000
96.11079809,-259.30050000
96.15079809,-254.89060000
96.19079809,-254.89060000
96.23079809,-250.48060000
96.27079809,-246.07070000
96.31079809,-246.07070000
96.35079809,-246.07070000
96.39079809,-241.66080000
96.43079809,-241.66080000
96.47079809,-241.66080000
96.51079809,-241.66080000
96.55079809,-237.25090000
96.59079809,-237.25090000
96.63079809,-232.84100000
96.67079809,-228.41580000
96.71079809,-228.41580000
96.75079809,-228.41580000
96.79079809,-224.00580000
96.83079809,-224.00580000
96.87079809,-219.59590000
96.91079809,-219.59590000
96.95079809,-215.18600000
96.99079809,-215.18600000
97.03079809,-210.77610000
97.07079809,-210.77610000
97.11079809,-206.36610000
97.15079809,-206.36610000
97.19079809,-201.95620000
97.23079809,-197.54630000
97.27079809,-197.54630000
97.31079809,-193.13640000
97.35079809,-193.13640000
97.39079809,-188.72640000
97.43079809,-188.72640000
97.47079809,-188.72640000
97.51079808,-184.31650000
97.55079808,-184.31650000
97.59079808,-179.89130000
97.63079808,-175.48140000
97.67079808,-175.48140000
97.71079808,-171.07150000
97.75079808,-171.07150000
97.79079808,-166.66160000
97.83079808,-166.66160000
97.87079808,-157.84170000
97.91079808,-157.84170000
97.95079808,-153.43180000
97.99079808,-153.43180000
98.03079808,-153.43180000
98.07079808,-149.02190000
98.11079808,-149.02190000
98.15079808,-140.20200000
98.19079808,-140.20200000
98.23079808,-135.79210000
98.27079808,-135.79210000
98.31079808,-131.36690000
98.35079808,-131.36690000
98.39079808,-126.95700000
98.43079808,-122.54710000
98.47079808,-118.13710000
98.51079808,-118.13710000
98.55079808,-118.13710000
98.59079808,-113.72720000
98.63079808,-113.72720000
98.67079808,-104.90740000
98.71079808,-100.49750000
98.75079808,-100.49750000
98.79079808,-100.49750000
98.83079808,-96.08752000
98.87079808,-87.25241000
98.91079808,-87.25241000
98.95079808,-82.84248000
98.99079808,-82.84248000
99.03079808,-82.84248000
99.07079808,-78.43256000
99.11079808,-69.61272000
99.15079807,-69.61272000
99.19079807,-65.20279000
99.23079807,-65.20279000
99.27079807,-60.79287000
99.31079807,-56.38294000
99.35079807,-51.97302000
99.39079807,-51.97302000
99.43079807,-47.56310000
99.47079807,-47.56310000
99.51079807,-43.15317000
99.55079807,-43.15317000
99.59079807,-34.31806000
99.63079807,-34.31806000
99.67079807,-29.90814000
99.71079807,-29.90814000
99.75079807,-25.49821000
99.79079807,-16.67836000
99.83079807,-16.67836000
99.87079807,-12.26844000
99.91079807,-12.26844000
99.95079807,-7.85851600
99.99079807,-7.85851600
100.03079807,-3.44859100
