Time,Channel B
(us),(mV)

-100.11995619,-5.21866500
-100.07995619,-3.45469500
-100.03995619,-3.45469500
-99.99995619,-1.69072500
-99.95995619,0.07324442
-99.91995619,1.83721400
-99.87995619,1.83721400
-99.83995619,3.60118400
-99.79995619,3.60118400
-99.75995619,5.36515400
-99.71995619,7.12912400
-99.67995619,7.12912400
-99.63995619,8.89309300
-99.59995619,8.89309300
-99.55995619,10.65706000
-99.51995619,12.42103000
-99.47995619,14.18500000
-99.43995619,15.94897000
-99.39995619,15.94897000
-99.35995619,17.71294000
-99.31995619,17.71294000
-99.27995619,19.47691000
-99.23995619,21.24088000
-99.19995619,23.00485000
-99.15995619,23.00485000
-99.11995619,23.00485000
-99.07995619,24.76882000
-99.03995619,26.53279000
-98.99995619,28.29676000
-98.95995619,30.06684000
-98.91995619,30.06684000
-98.87995619,30.06684000
-98.83995619,31.83080000
-98.79995619,33.59477000
-98.75995620,35.35874000
-98.71995620,35.35874000
-98.67995620,37.12271000
-98.63995620,37.12271000
-98.59995620,38.88668000
-98.55995620,38.88668000
-98.51995620,38.88668000
-98.47995620,42.41463000
-98.43995620,44.17860000
-98.39995620,44.17860000
-98.35995620,44.17860000
-98.31995620,45.94257000
-98.27995620,47.70654000
-98.23995620,49.47050000
-98.19995620,51.23447000
-98.15995620,51.23447000
-98.11995620,51.23447000
-98.07995620,52.99844000
-98.03995620,52.99844000
-97.99995620,56.52638000
-97.95995620,56.52638000
-97.91995620,58.29646000
-97.87995620,58.29646000
-97.83995620,58.29646000
-97.79995620,60.06042000
-97.75995620,61.82440000
-97.71995620,63.58836000
-97.67995620,63.58836000
-97.63995620,65.35233000
-97.59995620,65.35233000
-97.55995620,65.35233000
-97.51995620,67.11631000
-97.47995620,68.88028000
-97.43995620,68.88028000
-97.39995620,70.64425000
-97.35995620,70.64425000
-97.31995620,72.40822000
-97.27995620,72.40822000
-97.23995620,74.17219000
-97.19995620,74.17219000
-97.15995620,75.93616000
-97.11995621,77.70013000
-97.07995621,77.70013000
-97.03995621,79.46410000
-96.99995621,79.46410000
-96.95995621,81.22807000
-96.91995621,81.22807000
-96.87995621,81.22807000
-96.83995621,82.99203000
-96.79995621,84.75600000
-96.75995621,84.75600000
-96.71995621,86.52608000
-96.67995621,86.52608000
-96.63995621,86.52608000
-96.59995621,88.29005000
-96.55995621,88.29005000
-96.51995621,90.05402000
-96.47995621,90.05402000
-96.43995621,91.81799000
-96.39995621,91.81799000
-96.35995621,93.58195000
-96.31995621,93.58195000
-96.27995621,93.58195000
-96.23995621,93.58195000
-96.19995621,95.34592000
-96.15995621,95.34592000
-96.11995621,97.10989000
-96.07995621,97.10989000
-96.03995621,97.10989000
-95.99995621,100.63780000
-95.95995621,100.63780000
-95.91995621,100.63780000
-95.87995621,100.63780000
-95.83995621,100.63780000
-95.79995621,102.40180000
-95.75995621,104.16580000
-95.71995621,104.16580000
-95.67995621,105.92970000
-95.63995621,105.92970000
-95.59995621,105.92970000
-95.55995621,107.69370000
-95.51995621,107.69370000
-95.47995622,107.69370000
-95.43995622,107.69370000
-95.39995622,109.45770000
-95.35995622,109.45770000
-95.31995622,109.45770000
-95.27995622,109.45770000
-95.23995622,109.45770000
-95.19995622,111.22170000
-95.15995622,112.98560000
-95.11995622,112.98560000
-95.07995622,112.98560000
-95.03995622,112.98560000
-94.99995622,112.98560000
-94.95995622,112.98560000
-94.91995622,114.75570000
-94.87995622,114.75570000
-94.83995622,114.75570000
-94.79995622,114.75570000
-94.75995622,114.75570000
-94.71995622,114.75570000
-94.67995622,116.51970000
-94.63995622,116.51970000
-94.59995622,116.51970000
-94.55995622,116.51970000
-94.51995622,118.28360000
-94.47995622,118.28360000
-94.43995622,118.28360000
-94.39995622,120.04760000
-94.35995622,120.04760000
-94.31995622,120.04760000
-94.27995622,120.04760000
-94.23995622,120.04760000
-94.19995622,120.04760000
-94.15995622,120.04760000
-94.11995622,120.04760000
-94.07995622,120.04760000
-94.03995622,120.04760000
-93.99995622,121.81160000
-93.95995622,121.81160000
-93.91995622,121.81160000
-93.87995622,121.81160000
-93.83995623,121.81160000
-93.79995623,121.81160000
-93.75995623,121.81160000
-93.71995623,121.81160000
-93.67995623,121.81160000
-93.63995623,121.81160000
-93.59995623,121.81160000
-93.55995623,121.81160000
-93.51995623,121.81160000
-93.47995623,121.81160000
-93.43995623,121.81160000
-93.39995623,121.81160000
-93.35995623,121.81160000
-93.31995623,121.81160000
-93.27995623,121.81160000
-93.23995623,121.81160000
-93.19995623,121.81160000
-93.15995623,121.81160000
-93.11995623,121.81160000
-93.07995623,121.81160000
-93.03995623,121.81160000
-92.99995623,121.81160000
-92.95995623,121.81160000
-92.91995623,120.04760000
-92.87995623,120.04760000
-92.83995623,120.04760000
-92.79995623,120.04760000
-92.75995623,120.04760000
-92.71995623,120.04760000
-92.67995623,120.04760000
-92.63995623,120.04760000
-92.59995623,118.28360000
-92.55995623,118.28360000
-92.51995623,118.28360000
-92.47995623,118.28360000
-92.43995623,116.51970000
-92.39995623,116.51970000
-92.35995623,116.51970000
-92.31995623,116.51970000
-92.27995623,116.51970000
-92.23995623,116.51970000
-92.19995624,114.75570000
-92.15995624,114.75570000
-92.11995624,114.75570000
-92.07995624,114.75570000
-92.03995624,114.75570000
-91.99995624,114.75570000
-91.95995624,112.98560000
-91.91995624,112.98560000
-91.87995624,112.98560000
-91.83995624,112.98560000
-91.79995624,111.22170000
-91.75995624,109.45770000
-91.71995624,109.45770000
-91.67995624,109.45770000
-91.63995624,109.45770000
-91.59995624,107.69370000
-91.55995624,107.69370000
-91.51995624,107.69370000
-91.47995624,107.69370000
-91.43995624,105.92970000
-91.39995624,105.92970000
-91.35995624,105.92970000
-91.31995624,105.92970000
-91.27995624,105.92970000
-91.23995624,102.40180000
-91.19995624,102.40180000
-91.15995624,102.40180000
-91.11995624,102.40180000
-91.07995624,100.63780000
-91.03995624,100.63780000
-90.99995624,100.63780000
-90.95995624,98.87386000
-90.91995624,98.87386000
-90.87995624,98.87386000
-90.83995624,97.10989000
-90.79995624,95.34592000
-90.75995624,95.34592000
-90.71995624,95.34592000
-90.67995624,93.58195000
-90.63995624,93.58195000
-90.59995624,91.81799000
-90.55995625,91.81799000
-90.51995625,91.81799000
-90.47995625,90.05402000
-90.43995625,88.29005000
-90.39995625,88.29005000
-90.35995625,86.52608000
-90.31995625,86.52608000
-90.27995625,86.52608000
-90.23995625,84.75600000
-90.19995625,84.75600000
-90.15995625,84.75600000
-90.11995625,82.99203000
-90.07995625,81.22807000
-90.03995625,81.22807000
-89.99995625,79.46410000
-89.95995625,79.46410000
-89.91995625,79.46410000
-89.87995625,77.70013000
-89.83995625,77.70013000
-89.79995625,74.17219000
-89.75995625,74.17219000
-89.71995625,74.17219000
-89.67995625,72.40822000
-89.63995625,72.40822000
-89.59995625,72.40822000
-89.55995625,70.64425000
-89.51995625,70.64425000
-89.47995625,67.11631000
-89.43995625,67.11631000
-89.39995625,65.35233000
-89.35995625,65.35233000
-89.31995625,63.58836000
-89.27995625,63.58836000
-89.23995625,61.82440000
-89.19995625,61.82440000
-89.15995625,60.06042000
-89.11995625,58.29646000
-89.07995625,58.29646000
-89.03995625,58.29646000
-88.99995625,56.52638000
-88.95995625,56.52638000
-88.91995626,52.99844000
-88.87995626,52.99844000
-88.83995626,51.23447000
-88.79995626,51.23447000
-88.75995626,49.47050000
-88.71995626,49.47050000
-88.67995626,47.70654000
-88.63995626,45.94257000
-88.59995626,44.17860000
-88.55995626,44.17860000
-88.51995626,42.41463000
-88.47995626,42.41463000
-88.43995626,40.65065000
-88.39995626,38.88668000
-88.35995626,37.12271000
-88.31995626,37.12271000
-88.27995626,37.12271000
-88.23995626,37.12271000
-88.19995626,35.35874000
-88.15995626,31.83080000
-88.11995626,31.83080000
-88.07995626,30.06684000
-88.03995626,30.06684000
-87.99995626,28.29676000
-87.95995626,28.29676000
-87.91995626,24.76882000
-87.87995626,24.76882000
-87.83995626,23.00485000
-87.79995626,23.00485000
-87.75995626,23.00485000
-87.71995626,21.24088000
-87.67995626,19.47691000
-87.63995626,17.71294000
-87.59995626,15.94897000
-87.55995626,15.94897000
-87.51995626,15.94897000
-87.47995626,14.18500000
-87.43995626,10.65706000
-87.39995626,10.65706000
-87.35995626,8.89309300
-87.31995626,8.89309300
-87.27995627,7.12912400
-87.23995627,7.12912400
-87.19995627,5.36515400
-87.15995627,3.60118400
-87.11995627,1.83721400
-87.07995627,1.83721400
-87.03995627,0.07324442
-86.99995627,0.07324442
-86.95995627,0.07324442
-86.91995627,-3.45469500
-86.87995627,-3.45469500
-86.83995627,-5.21866500
-86.79995627,-5.21866500
-86.75995627,-6.98263500
-86.71995627,-6.98263500
-86.67995627,-8.74660500
-86.63995627,-10.51057000
-86.59995627,-12.27454000
-86.55995627,-14.03851000
-86.51995627,-14.03851000
-86.47995627,-15.80248000
-86.43995627,-17.56645000
-86.39995627,-19.33042000
-86.35995627,-19.33042000
-86.31995627,-19.33042000
-86.27995627,-21.09439000
-86.23995627,-21.09439000
-86.19995627,-24.62233000
-86.15995627,-24.62233000
-86.11995627,-26.39241000
-86.07995627,-26.39241000
-86.03995627,-26.39241000
-85.99995627,-28.15638000
-85.95995627,-31.68431000
-85.91995627,-31.68431000
-85.87995627,-33.44828000
-85.83995627,-33.44828000
-85.79995627,-33.44828000
-85.75995627,-35.21225000
-85.71995627,-36.97623000
-85.67995627,-36.97623000
-85.63995627,-38.74020000
-85.59995628,-40.50417000
-85.55995628,-40.50417000
-85.51995628,-42.26814000
-85.47995628,-42.26814000
-85.43995628,-42.26814000
-85.39995628,-45.79607000
-85.35995628,-47.56004000
-85.31995628,-47.56004000
-85.27995628,-49.32401000
-85.23995628,-49.32401000
-85.19995628,-49.32401000
-85.15995628,-51.08798000
-85.11995628,-51.08798000
-85.07995628,-54.62203000
-85.03995628,-54.62203000
-84.99995628,-54.62203000
-84.95995628,-56.38600000
-84.91995628,-56.38600000
-84.87995628,-56.38600000
-84.83995628,-59.91394000
-84.79995628,-59.91394000
-84.75995628,-61.67791000
-84.71995628,-61.67791000
-84.67995628,-63.44188000
-84.63995628,-63.44188000
-84.59995628,-65.20585000
-84.55995628,-66.96982000
-84.51995628,-66.96982000
-84.47995628,-68.73379000
-84.43995628,-68.73379000
-84.39995628,-68.73379000
-84.35995628,-68.73379000
-84.31995628,-70.49776000
-84.27995628,-72.26173000
-84.23995628,-72.26173000
-84.19995628,-74.02570000
-84.15995628,-75.78967000
-84.11995628,-75.78967000
-84.07995628,-75.78967000
-84.03995628,-75.78967000
-83.99995628,-77.55363000
-83.95995629,-77.55363000
-83.91995629,-79.31760000
-83.87995629,-81.08157000
-83.83995629,-81.08157000
-83.79995629,-82.85165000
-83.75995629,-82.85165000
-83.71995629,-82.85165000
-83.67995629,-82.85165000
-83.63995629,-82.85165000
-83.59995629,-84.61562000
-83.55995629,-86.37959000
-83.51995629,-86.37959000
-83.47995629,-86.37959000
-83.43995629,-88.14356000
-83.39995629,-88.14356000
-83.35995629,-88.14356000
-83.31995629,-89.90753000
-83.27995629,-89.90753000
-83.23995629,-89.90753000
-83.19995629,-91.67150000
-83.15995629,-91.67150000
-83.11995629,-91.67150000
-83.07995629,-93.43547000
-83.03995629,-95.19944000
-82.99995629,-95.19944000
-82.95995629,-95.19944000
-82.91995629,-95.19944000
-82.87995629,-96.96341000
-82.83995629,-96.96341000
-82.79995629,-96.96341000
-82.75995629,-96.96341000
-82.71995629,-96.96341000
-82.67995629,-98.72738000
-82.63995629,-98.72738000
-82.59995629,-98.72738000
-82.55995629,-98.72738000
-82.51995629,-100.49130000
-82.47995629,-102.25530000
-82.43995629,-102.25530000
-82.39995629,-102.25530000
-82.35995629,-104.01930000
-82.31995630,-102.25530000
-82.27995630,-104.01930000
-82.23995630,-104.01930000
-82.19995630,-104.01930000
-82.15995630,-104.01930000
-82.11995630,-104.01930000
-82.07995630,-104.01930000
-82.03995630,-105.78330000
-81.99995630,-105.78330000
-81.95995630,-105.78330000
-81.91995630,-105.78330000
-81.87995630,-105.78330000
-81.83995630,-105.78330000
-81.79995630,-105.78330000
-81.75995630,-105.78330000
-81.71995630,-105.78330000
-81.67995630,-107.54720000
-81.63995630,-107.54720000
-81.59995630,-107.54720000
-81.55995630,-107.54720000
-81.51995630,-107.54720000
-81.47995630,-107.54720000
-81.43995630,-109.31120000
-81.39995630,-109.31120000
-81.35995630,-109.31120000
-81.31995630,-107.54720000
-81.27995630,-109.31120000
-81.23995630,-109.31120000
-81.19995630,-109.31120000
-81.15995630,-111.08130000
-81.11995630,-111.08130000
-81.07995630,-109.31120000
-81.03995630,-109.31120000
-80.99995630,-109.31120000
-80.95995630,-111.08130000
-80.91995630,-109.31120000
-80.87995630,-109.31120000
-80.83995630,-109.31120000
-80.79995630,-109.31120000
-80.75995630,-109.31120000
-80.71995630,-109.31120000
-80.67995631,-109.31120000
-80.63995631,-109.31120000
-80.59995631,-109.31120000
-80.55995631,-109.31120000
-80.51995631,-107.54720000
-80.47995631,-107.54720000
-80.43995631,-109.31120000
-80.39995631,-107.54720000
-80.35995631,-107.54720000
-80.31995631,-107.54720000
-80.27995631,-107.54720000
-80.23995631,-107.54720000
-80.19995631,-105.78330000
-80.15995631,-105.78330000
-80.11995631,-105.78330000
-80.07995631,-105.78330000
-80.03995631,-105.78330000
-79.99995631,-105.78330000
-79.95995631,-105.78330000
-79.91995631,-105.78330000
-79.87995631,-104.01930000
-79.83995631,-104.01930000
-79.79995631,-104.01930000
-79.75995631,-104.01930000
-79.71995631,-104.01930000
-79.67995631,-104.01930000
-79.63995631,-102.25530000
-79.59995631,-102.25530000
-79.55995631,-102.25530000
-79.51995631,-102.25530000
-79.47995631,-100.49130000
-79.43995631,-100.49130000
-79.39995631,-98.72738000
-79.35995631,-98.72738000
-79.31995631,-98.72738000
-79.27995631,-96.96341000
-79.23995631,-96.96341000
-79.19995631,-96.96341000
-79.15995631,-96.96341000
-79.11995631,-96.96341000
-79.07995631,-95.19944000
-79.03995632,-95.19944000
-78.99995632,-95.19944000
-78.95995632,-95.19944000
-78.91995632,-93.43547000
-78.87995632,-91.67150000
-78.83995632,-91.67150000
-78.79995632,-91.67150000
-78.75995632,-91.67150000
-78.71995632,-89.90753000
-78.67995632,-89.90753000
-78.63995632,-89.90753000
-78.59995632,-89.90753000
-78.55995632,-88.14356000
-78.51995632,-88.14356000
-78.47995632,-86.37959000
-78.43995632,-86.37959000
-78.39995632,-84.61562000
-78.35995632,-82.85165000
-78.31995632,-84.61562000
-78.27995632,-82.85165000
-78.23995632,-82.85165000
-78.19995632,-82.85165000
-78.15995632,-82.85165000
-78.11995632,-79.31760000
-78.07995632,-79.31760000
-78.03995632,-77.55363000
-77.99995632,-77.55363000
-77.95995632,-77.55363000
-77.91995632,-75.78967000
-77.87995632,-75.78967000
-77.83995632,-75.78967000
-77.79995632,-74.02570000
-77.75995632,-74.02570000
-77.71995632,-74.02570000
-77.67995632,-70.49776000
-77.63995632,-70.49776000
-77.59995632,-70.49776000
-77.55995632,-68.73379000
-77.51995632,-68.73379000
-77.47995632,-66.96982000
-77.43995632,-68.73379000
-77.39995633,-65.20585000
-77.35995633,-63.44188000
-77.31995633,-63.44188000
-77.27995633,-61.67791000
-77.23995633,-61.67791000
-77.19995633,-61.67791000
-77.15995633,-59.91394000
-77.11995633,-59.91394000
-77.07995633,-56.38600000
-77.03995633,-56.38600000
-76.99995633,-56.38600000
-76.95995633,-54.62203000
-76.91995633,-54.62203000
-76.87995633,-54.62203000
-76.83995633,-52.85195000
-76.79995633,-51.08798000
-76.75995633,-49.32401000
-76.71995633,-49.32401000
-76.67995633,-47.56004000
-76.63995633,-47.56004000
-76.59995633,-45.79607000
-76.55995633,-45.79607000
-76.51995633,-42.26814000
-76.47995633,-42.26814000
-76.43995633,-40.50417000
-76.39995633,-40.50417000
-76.35995633,-40.50417000
-76.31995633,-38.74020000
-76.27995633,-36.97623000
-76.23995633,-35.21225000
-76.19995633,-35.21225000
-76.15995633,-33.44828000
-76.11995633,-33.44828000
-76.07995633,-31.68431000
-76.03995633,-29.92035000
-75.99995633,-29.92035000
-75.95995633,-28.15638000
-75.91995633,-28.15638000
-75.87995633,-26.39241000
-75.83995633,-24.62233000
-75.79995633,-24.62233000
-75.75995634,-22.85836000
-75.71995634,-21.09439000
-75.67995634,-21.09439000
-75.63995634,-19.33042000
-75.59995634,-19.33042000
-75.55995634,-17.56645000
-75.51995634,-17.56645000
-75.47995634,-15.80248000
-75.43995634,-14.03851000
-75.39995634,-12.27454000
-75.35995634,-12.27454000
-75.31995634,-12.27454000
-75.27995634,-8.74660500
-75.23995634,-6.98263500
-75.19995634,-6.98263500
-75.15995634,-5.21866500
-75.11995634,-5.21866500
-75.07995634,-5.21866500
-75.03995634,-1.69072500
-74.99995634,-1.69072500
-74.95995634,0.07324442
-74.91995634,1.83721400
-74.87995634,1.83721400
-74.83995634,3.60118400
-74.79995634,5.36515400
-74.75995634,5.36515400
-74.71995634,7.12912400
-74.67995634,7.12912400
-74.63995634,8.89309300
-74.59995634,10.65706000
-74.55995634,10.65706000
-74.51995634,14.18500000
-74.47995634,14.18500000
-74.43995634,15.94897000
-74.39995634,15.94897000
-74.35995634,17.71294000
-74.31995634,17.71294000
-74.27995634,19.47691000
-74.23995634,21.24088000
-74.19995634,21.24088000
-74.15995634,23.00485000
-74.11995634,23.00485000
-74.07995635,24.76882000
-74.03995635,26.53279000
-73.99995635,28.29676000
-73.95995635,28.29676000
-73.91995635,30.06684000
-73.87995635,30.06684000
-73.83995635,31.83080000
-73.79995635,33.59477000
-73.75995635,35.35874000
-73.71995635,35.35874000
-73.67995635,37.12271000
-73.63995635,37.12271000
-73.59995635,38.88668000
-73.55995635,38.88668000
-73.51995635,40.65065000
-73.47995635,42.41463000
-73.43995635,44.17860000
-73.39995635,44.17860000
-73.35995635,44.17860000
-73.31995635,45.94257000
-73.27995635,49.47050000
-73.23995635,49.47050000
-73.19995635,49.47050000
-73.15995635,51.23447000
-73.11995635,51.23447000
-73.07995635,52.99844000
-73.03995635,56.52638000
-72.99995635,54.76241000
-72.95995635,56.52638000
-72.91995635,56.52638000
-72.87995635,58.29646000
-72.83995635,60.06042000
-72.79995635,60.06042000
-72.75995635,61.82440000
-72.71995635,61.82440000
-72.67995635,63.58836000
-72.63995635,65.35233000
-72.59995635,65.35233000
-72.55995635,65.35233000
-72.51995635,67.11631000
-72.47995635,68.88028000
-72.43995636,70.64425000
-72.39995636,70.64425000
-72.35995636,72.40822000
-72.31995636,72.40822000
-72.27995636,72.40822000
-72.23995636,72.40822000
-72.19995636,74.17219000
-72.15995636,75.93616000
-72.11995636,77.70013000
-72.07995636,77.70013000
-72.03995636,79.46410000
-71.99995636,79.46410000
-71.95995636,79.46410000
-71.91995636,81.22807000
-71.87995636,81.22807000
-71.83995636,84.75600000
-71.79995636,84.75600000
-71.75995636,84.75600000
-71.71995636,84.75600000
-71.67995636,86.52608000
-71.63995636,86.52608000
-71.59995636,88.29005000
-71.55995636,88.29005000
-71.51995636,90.05402000
-71.47995636,90.05402000
-71.43995636,91.81799000
-71.39995636,91.81799000
-71.35995636,93.58195000
-71.31995636,93.58195000
-71.27995636,93.58195000
-71.23995636,95.34592000
-71.19995636,95.34592000
-71.15995636,95.34592000
-71.11995636,97.10989000
-71.07995636,98.87386000
-71.03995636,98.87386000
-70.99995636,98.87386000
-70.95995636,100.63780000
-70.91995636,100.63780000
-70.87995636,100.63780000
-70.83995636,102.40180000
-70.79995637,102.40180000
-70.75995637,104.16580000
-70.71995637,104.16580000
-70.67995637,104.16580000
-70.63995637,105.92970000
-70.59995637,105.92970000
-70.55995637,107.69370000
-70.51995637,107.69370000
-70.47995637,107.69370000
-70.43995637,107.69370000
-70.39995637,107.69370000
-70.35995637,109.45770000
-70.31995637,109.45770000
-70.27995637,109.45770000
-70.23995637,111.22170000
-70.19995637,111.22170000
-70.15995637,112.98560000
-70.11995637,112.98560000
-70.07995637,112.98560000
-70.03995637,112.98560000
-69.99995637,112.98560000
-69.95995637,114.75570000
-69.91995637,114.75570000
-69.87995637,114.75570000
-69.83995637,114.75570000
-69.79995637,114.75570000
-69.75995637,114.75570000
-69.71995637,116.51970000
-69.67995637,114.75570000
-69.63995637,116.51970000
-69.59995637,116.51970000
-69.55995637,116.51970000
-69.51995637,118.28360000
-69.47995637,118.28360000
-69.43995637,118.28360000
-69.39995637,120.04760000
-69.35995637,120.04760000
-69.31995637,120.04760000
-69.27995637,120.04760000
-69.23995637,120.04760000
-69.19995637,120.04760000
-69.15995638,120.04760000
-69.11995638,120.04760000
-69.07995638,120.04760000
-69.03995638,120.04760000
-68.99995638,120.04760000
-68.95995638,121.81160000
-68.91995638,120.04760000
-68.87995638,121.81160000
-68.83995638,121.81160000
-68.79995638,121.81160000
-68.75995638,121.81160000
-68.71995638,121.81160000
-68.67995638,121.81160000
-68.63995638,121.81160000
-68.59995638,121.81160000
-68.55995638,121.81160000
-68.51995638,121.81160000
-68.47995638,121.81160000
-68.43995638,121.81160000
-68.39995638,121.81160000
-68.35995638,121.81160000
-68.31995638,121.81160000
-68.27995638,121.81160000
-68.23995638,121.81160000
-68.19995638,121.81160000
-68.15995638,120.04760000
-68.11995638,121.81160000
-68.07995638,121.81160000
-68.03995638,121.81160000
-67.99995638,121.81160000
-67.95995638,120.04760000
-67.91995638,120.04760000
-67.87995638,120.04760000
-67.83995638,120.04760000
-67.79995638,120.04760000
-67.75995638,120.04760000
-67.71995638,120.04760000
-67.67995638,120.04760000
-67.63995638,120.04760000
-67.59995638,118.28360000
-67.55995638,120.04760000
-67.51995639,118.28360000
-67.47995639,118.28360000
-67.43995639,118.28360000
-67.39995639,116.51970000
-67.35995639,116.51970000
-67.31995639,116.51970000
-67.27995639,116.51970000
-67.23995639,114.75570000
-67.19995639,114.75570000
-67.15995639,114.75570000
-67.11995639,114.75570000
-67.07995639,114.75570000
-67.03995639,114.75570000
-66.99995639,114.75570000
-66.95995639,114.75570000
-66.91995639,112.98560000
-66.87995639,112.98560000
-66.83995639,112.98560000
-66.79995639,112.98560000
-66.75995639,112.98560000
-66.71995639,109.45770000
-66.67995639,109.45770000
-66.63995639,109.45770000
-66.59995639,109.45770000
-66.55995639,107.69370000
-66.51995639,107.69370000
-66.47995639,107.69370000
-66.43995639,107.69370000
-66.39995639,104.16580000
-66.35995639,105.92970000
-66.31995639,105.92970000
-66.27995639,105.92970000
-66.23995639,104.16580000
-66.19995639,102.40180000
-66.15995639,100.63780000
-66.11995639,102.40180000
-66.07995639,100.63780000
-66.03995639,100.63780000
-65.99995639,100.63780000
-65.95995639,98.87386000
-65.91995639,98.87386000
-65.87995640,97.10989000
-65.83995640,98.87386000
-65.79995640,95.34592000
-65.75995640,95.34592000
-65.71995640,93.58195000
-65.67995640,93.58195000
-65.63995640,93.58195000
-65.59995640,93.58195000
-65.55995640,91.81799000
-65.51995640,90.05402000
-65.47995640,91.81799000
-65.43995640,90.05402000
-65.39995640,88.29005000
-65.35995640,86.52608000
-65.31995640,86.52608000
-65.27995640,86.52608000
-65.23995640,86.52608000
-65.19995640,84.75600000
-65.15995640,84.75600000
-65.11995640,82.99203000
-65.07995640,81.22807000
-65.03995640,81.22807000
-64.99995640,79.46410000
-64.95995640,79.46410000
-64.91995640,79.46410000
-64.87995640,77.70013000
-64.83995640,77.70013000
-64.79995640,75.93616000
-64.75995640,74.17219000
-64.71995640,72.40822000
-64.67995640,72.40822000
-64.63995640,72.40822000
-64.59995640,72.40822000
-64.55995640,70.64425000
-64.51995640,68.88028000
-64.47995640,67.11631000
-64.43995640,67.11631000
-64.39995640,65.35233000
-64.35995640,65.35233000
-64.31995640,65.35233000
-64.27995640,63.58836000
-64.23995641,61.82440000
-64.19995641,60.06042000
-64.15995641,60.06042000
-64.11995641,58.29646000
-64.07995641,58.29646000
-64.03995641,58.29646000
-63.99995641,56.52638000
-63.95995641,54.76241000
-63.91995641,52.99844000
-63.87995641,52.99844000
-63.83995641,51.23447000
-63.79995641,51.23447000
-63.75995641,51.23447000
-63.71995641,49.47050000
-63.67995641,47.70654000
-63.63995641,45.94257000
-63.59995641,44.17860000
-63.55995641,44.17860000
-63.51995641,44.17860000
-63.47995641,42.41463000
-63.43995641,40.65065000
-63.39995641,38.88668000
-63.35995641,38.88668000
-63.31995641,37.12271000
-63.27995641,37.12271000
-63.23995641,35.35874000
-63.19995641,33.59477000
-63.15995641,31.83080000
-63.11995641,31.83080000
-63.07995641,30.06684000
-63.03995641,30.06684000
-62.99995641,30.06684000
-62.95995641,28.29676000
-62.91995641,26.53279000
-62.87995641,24.76882000
-62.83995641,24.76882000
-62.79995641,23.00485000
-62.75995641,21.24088000
-62.71995641,21.24088000
-62.67995641,19.47691000
-62.63995641,17.71294000
-62.59995641,15.94897000
-62.55995642,15.94897000
-62.51995642,14.18500000
-62.47995642,14.18500000
-62.43995642,12.42103000
-62.39995642,10.65706000
-62.35995642,8.89309300
-62.31995642,8.89309300
-62.27995642,7.12912400
-62.23995642,7.12912400
-62.19995642,7.12912400
-62.15995642,3.60118400
-62.11995642,1.83721400
-62.07995642,1.83721400
-62.03995642,0.07324442
-61.99995642,0.07324442
-61.95995642,-1.69072500
-61.91995642,-3.45469500
-61.87995642,-3.45469500
-61.83995642,-5.21866500
-61.79995642,-5.21866500
-61.75995642,-6.98263500
-61.71995642,-8.74660500
-61.67995642,-8.74660500
-61.63995642,-12.27454000
-61.59995642,-12.27454000
-61.55995642,-12.27454000
-61.51995642,-14.03851000
-61.47995642,-15.80248000
-61.43995642,-17.56645000
-61.39995642,-17.56645000
-61.35995642,-19.33042000
-61.31995642,-19.33042000
-61.27995642,-21.09439000
-61.23995642,-21.09439000
-61.19995642,-26.39241000
-61.15995642,-24.62233000
-61.11995642,-24.62233000
-61.07995642,-26.39241000
-61.03995642,-28.15638000
-60.99995642,-28.15638000
-60.95995642,-29.92035000
-60.91995643,-31.68431000
-60.87995643,-33.44828000
-60.83995643,-33.44828000
-60.79995643,-33.44828000
-60.75995643,-35.21225000
-60.71995643,-36.97623000
-60.67995643,-38.74020000
-60.63995643,-38.74020000
-60.59995643,-40.50417000
-60.55995643,-40.50417000
-60.51995643,-40.50417000
-60.47995643,-42.26814000
-60.43995643,-44.03210000
-60.39995643,-45.79607000
-60.35995643,-47.56004000
-60.31995643,-47.56004000
-60.27995643,-49.32401000
-60.23995643,-49.32401000
-60.19995643,-49.32401000
-60.15995643,-51.08798000
-60.11995643,-52.85195000
-60.07995643,-54.62203000
-60.03995643,-54.62203000
-59.99995643,-54.62203000
-59.95995643,-56.38600000
-59.91995643,-56.38600000
-59.87995643,-58.14997000
-59.83995643,-58.14997000
-59.79995643,-59.91394000
-59.75995643,-61.67791000
-59.71995643,-61.67791000
-59.67995643,-63.44188000
-59.63995643,-63.44188000
-59.59995643,-63.44188000
-59.55995643,-66.96982000
-59.51995643,-66.96982000
-59.47995643,-66.96982000
-59.43995643,-68.73379000
-59.39995643,-68.73379000
-59.35995643,-68.73379000
-59.31995643,-70.49776000
-59.27995644,-70.49776000
-59.23995644,-72.26173000
-59.19995644,-74.02570000
-59.15995644,-74.02570000
-59.11995644,-74.02570000
-59.07995644,-75.78967000
-59.03995644,-75.78967000
-58.99995644,-77.55363000
-58.95995644,-77.55363000
-58.91995644,-79.31760000
-58.87995644,-81.08157000
-58.83995644,-81.08157000
-58.79995644,-82.85165000
-58.75995644,-82.85165000
-58.71995644,-82.85165000
-58.67995644,-82.85165000
-58.63995644,-82.85165000
-58.59995644,-84.61562000
-58.55995644,-84.61562000
-58.51995644,-84.61562000
-58.47995644,-88.14356000
-58.43995644,-88.14356000
-58.39995644,-88.14356000
-58.35995644,-89.90753000
-58.31995644,-89.90753000
-58.27995644,-89.90753000
-58.23995644,-91.67150000
-58.19995644,-91.67150000
-58.15995644,-91.67150000
-58.11995644,-91.67150000
-58.07995644,-93.43547000
-58.03995644,-93.43547000
-57.99995644,-95.19944000
-57.95995644,-95.19944000
-57.91995644,-96.96341000
-57.87995644,-96.96341000
-57.83995644,-96.96341000
-57.79995644,-96.96341000
-57.75995644,-98.72738000
-57.71995644,-98.72738000
-57.67995644,-98.72738000
-57.63995645,-98.72738000
-57.59995645,-98.72738000
-57.55995645,-100.49130000
-57.51995645,-100.49130000
-57.47995645,-100.49130000
-57.43995645,-102.25530000
-57.39995645,-102.25530000
-57.35995645,-102.25530000
-57.31995645,-104.01930000
-57.27995645,-104.01930000
-57.23995645,-104.01930000
-57.19995645,-104.01930000
-57.15995645,-104.01930000
-57.11995645,-104.01930000
-57.07995645,-104.01930000
-57.03995645,-104.01930000
-56.99995645,-105.78330000
-56.95995645,-105.78330000
-56.91995645,-104.01930000
-56.87995645,-105.78330000
-56.83995645,-105.78330000
-56.79995645,-105.78330000
-56.75995645,-105.78330000
-56.71995645,-107.54720000
-56.67995645,-107.54720000
-56.63995645,-107.54720000
-56.59995645,-109.31120000
-56.55995645,-107.54720000
-56.51995645,-107.54720000
-56.47995645,-107.54720000
-56.43995645,-109.31120000
-56.39995645,-109.31120000
-56.35995645,-109.31120000
-56.31995645,-109.31120000
-56.27995645,-109.31120000
-56.23995645,-109.31120000
-56.19995645,-109.31120000
-56.15995645,-109.31120000
-56.11995645,-109.31120000
-56.07995645,-109.31120000
-56.03995645,-109.31120000
-55.99995646,-109.31120000
-55.95995646,-109.31120000
-55.91995646,-109.31120000
-55.87995646,-109.31120000
-55.83995646,-109.31120000
-55.79995646,-109.31120000
-55.75995646,-109.31120000
-55.71995646,-109.31120000
-55.67995646,-109.31120000
-55.63995646,-107.54720000
-55.59995646,-109.31120000
-55.55995646,-107.54720000
-55.51995646,-109.31120000
-55.47995646,-109.31120000
-55.43995646,-107.54720000
-55.39995646,-109.31120000
-55.35995646,-107.54720000
-55.31995646,-107.54720000
-55.27995646,-107.54720000
-55.23995646,-107.54720000
-55.19995646,-105.78330000
-55.15995646,-105.78330000
-55.11995646,-105.78330000
-55.07995646,-105.78330000
-55.03995646,-105.78330000
-54.99995646,-105.78330000
-54.95995646,-105.78330000
-54.91995646,-104.01930000
-54.87995646,-104.01930000
-54.83995646,-104.01930000
-54.79995646,-104.01930000
-54.75995646,-104.01930000
-54.71995646,-104.01930000
-54.67995646,-104.01930000
-54.63995646,-102.25530000
-54.59995646,-102.25530000
-54.55995646,-102.25530000
-54.51995646,-102.25530000
-54.47995646,-98.72738000
-54.43995646,-98.72738000
-54.39995646,-100.49130000
-54.35995647,-98.72738000
-54.31995647,-98.72738000
-54.27995647,-98.72738000
-54.23995647,-96.96341000
-54.19995647,-96.96341000
-54.15995647,-96.96341000
-54.11995647,-96.96341000
-54.07995647,-96.96341000
-54.03995647,-96.96341000
-53.99995647,-95.19944000
-53.95995647,-95.19944000
-53.91995647,-93.43547000
-53.87995647,-93.43547000
-53.83995647,-91.67150000
-53.79995647,-91.67150000
-53.75995647,-91.67150000
-53.71995647,-89.90753000
-53.67995647,-89.90753000
-53.63995647,-88.14356000
-53.59995647,-89.90753000
-53.55995647,-88.14356000
-53.51995647,-88.14356000
-53.47995647,-88.14356000
-53.43995647,-84.61562000
-53.39995647,-84.61562000
-53.35995647,-84.61562000
-53.31995647,-84.61562000
-53.27995647,-82.85165000
-53.23995647,-82.85165000
-53.19995647,-82.85165000
-53.15995647,-81.08157000
-53.11995647,-81.08157000
-53.07995647,-79.31760000
-53.03995647,-79.31760000
-52.99995647,-77.55363000
-52.95995647,-77.55363000
-52.91995647,-75.78967000
-52.87995647,-75.78967000
-52.83995647,-75.78967000
-52.79995647,-74.02570000
-52.75995647,-74.02570000
-52.71995648,-74.02570000
-52.67995648,-70.49776000
-52.63995648,-70.49776000
-52.59995648,-70.49776000
-52.55995648,-68.73379000
-52.51995648,-68.73379000
-52.47995648,-66.96982000
-52.43995648,-65.20585000
-52.39995648,-65.20585000
-52.35995648,-63.44188000
-52.31995648,-63.44188000
-52.27995648,-61.67791000
-52.23995648,-61.67791000
-52.19995648,-59.91394000
-52.15995648,-59.91394000
-52.11995648,-59.91394000
-52.07995648,-56.38600000
-52.03995648,-56.38600000
-51.99995648,-56.38600000
-51.95995648,-54.62203000
-51.91995648,-54.62203000
-51.87995648,-54.62203000
-51.83995648,-52.85195000
-51.79995648,-51.08798000
-51.75995648,-49.32401000
-51.71995648,-49.32401000
-51.67995648,-47.56004000
-51.63995648,-47.56004000
-51.59995648,-47.56004000
-51.55995648,-44.03210000
-51.51995648,-44.03210000
-51.47995648,-40.50417000
-51.43995648,-42.26814000
-51.39995648,-40.50417000
-51.35995648,-40.50417000
-51.31995648,-38.74020000
-51.27995648,-36.97623000
-51.23995648,-36.97623000
-51.19995648,-35.21225000
-51.15995648,-33.44828000
-51.11995648,-33.44828000
-51.07995649,-31.68431000
-51.03995649,-31.68431000
-50.99995649,-29.92035000
-50.95995649,-28.15638000
-50.91995649,-26.39241000
-50.87995649,-26.39241000
-50.83995649,-26.39241000
-50.79995649,-24.62233000
-50.75995649,-22.85836000
-50.71995649,-21.09439000
-50.67995649,-21.09439000
-50.63995649,-19.33042000
-50.59995649,-19.33042000
-50.55995649,-17.56645000
-50.51995649,-17.56645000
-50.47995649,-14.03851000
-50.43995649,-12.27454000
-50.39995649,-12.27454000
-50.35995649,-12.27454000
-50.31995649,-12.27454000
-50.27995649,-10.51057000
-50.23995649,-6.98263500
-50.19995649,-6.98263500
-50.15995649,-6.98263500
-50.11995649,-5.21866500
-50.07995649,-3.45469500
-50.03995649,-1.69072500
-49.99995649,-1.69072500
-49.95995649,0.07324442
-49.91995649,1.83721400
-49.87995649,1.83721400
-49.83995649,1.83721400
-49.79995649,3.60118400
-49.75995649,5.36515400
-49.71995649,7.12912400
-49.67995649,7.12912400
-49.63995649,8.89309300
-49.59995649,10.65706000
-49.55995649,10.65706000
-49.51995649,12.42103000
-49.47995649,14.18500000
-49.43995649,15.94897000
-49.39995650,15.94897000
-49.35995650,17.71294000
-49.31995650,19.47691000
-49.27995650,19.47691000
-49.23995650,21.24088000
-49.19995650,23.00485000
-49.15995650,23.00485000
-49.11995650,24.76882000
-49.07995650,24.76882000
-49.03995650,26.53279000
-48.99995650,28.29676000
-48.95995650,30.06684000
-48.91995650,30.06684000
-48.87995650,30.06684000
-48.83995650,31.83080000
-48.79995650,31.83080000
-48.75995650,35.35874000
-48.71995650,37.12271000
-48.67995650,37.12271000
-48.63995650,37.12271000
-48.59995650,38.88668000
-48.55995650,38.88668000
-48.51995650,40.65065000
-48.47995650,42.41463000
-48.43995650,44.17860000
-48.39995650,44.17860000
-48.35995650,45.94257000
-48.31995650,45.94257000
-48.27995650,47.70654000
-48.23995650,49.47050000
-48.19995650,49.47050000
-48.15995650,51.23447000
-48.11995650,51.23447000
-48.07995650,52.99844000
-48.03995650,54.76241000
-47.99995650,56.52638000
-47.95995650,56.52638000
-47.91995650,58.29646000
-47.87995650,58.29646000
-47.83995650,58.29646000
-47.79995650,60.06042000
-47.75995651,60.06042000
-47.71995651,61.82440000
-47.67995651,63.58836000
-47.63995651,65.35233000
-47.59995651,65.35233000
-47.55995651,65.35233000
-47.51995651,67.11631000
-47.47995651,67.11631000
-47.43995651,70.64425000
-47.39995651,70.64425000
-47.35995651,72.40822000
-47.31995651,72.40822000
-47.27995651,72.40822000
-47.23995651,74.17219000
-47.19995651,74.17219000
-47.15995651,75.93616000
-47.11995651,77.70013000
-47.07995651,77.70013000
-47.03995651,79.46410000
-46.99995651,79.46410000
-46.95995651,79.46410000
-46.91995651,81.22807000
-46.87995651,81.22807000
-46.83995651,82.99203000
-46.79995651,84.75600000
-46.75995651,84.75600000
-46.71995651,86.52608000
-46.67995651,86.52608000
-46.63995651,86.52608000
-46.59995651,86.52608000
-46.55995651,88.29005000
-46.51995651,90.05402000
-46.47995651,90.05402000
-46.43995651,91.81799000
-46.39995651,91.81799000
-46.35995651,93.58195000
-46.31995651,93.58195000
-46.27995651,93.58195000
-46.23995651,93.58195000
-46.19995651,95.34592000
-46.15995651,95.34592000
-46.11995652,97.10989000
-46.07995652,98.87386000
-46.03995652,98.87386000
-45.99995652,100.63780000
-45.95995652,100.63780000
-45.91995652,100.63780000
-45.87995652,100.63780000
-45.83995652,102.40180000
-45.79995652,102.40180000
-45.75995652,102.40180000
-45.71995652,104.16580000
-45.67995652,105.92970000
-45.63995652,105.92970000
-45.59995652,105.92970000
-45.55995652,105.92970000
-45.51995652,107.69370000
-45.47995652,107.69370000
-45.43995652,107.69370000
-45.39995652,107.69370000
-45.35995652,109.45770000
-45.31995652,109.45770000
-45.27995652,109.45770000
-45.23995652,109.45770000
-45.19995652,111.22170000
-45.15995652,112.98560000
-45.11995652,112.98560000
-45.07995652,112.98560000
-45.03995652,112.98560000
-44.99995652,112.98560000
-44.95995652,114.75570000
-44.91995652,114.75570000
-44.87995652,114.75570000
-44.83995652,114.75570000
-44.79995652,114.75570000
-44.75995652,114.75570000
-44.71995652,116.51970000
-44.67995652,116.51970000
-44.63995652,116.51970000
-44.59995652,116.51970000
-44.55995652,116.51970000
-44.51995652,118.28360000
-44.47995653,118.28360000
-44.43995653,118.28360000
-44.39995653,118.28360000
-44.35995653,120.04760000
-44.31995653,120.04760000
-44.27995653,120.04760000
-44.23995653,120.04760000
-44.19995653,120.04760000
-44.15995653,120.04760000
-44.11995653,120.04760000
-44.07995653,120.04760000
-44.03995653,120.04760000
-43.99995653,121.81160000
-43.95995653,120.04760000
-43.91995653,120.04760000
-43.87995653,121.81160000
-43.83995653,121.81160000
-43.79995653,121.81160000
-43.75995653,121.81160000
-43.71995653,121.81160000
-43.67995653,121.81160000
-43.63995653,121.81160000
-43.59995653,121.81160000
-43.55995653,121.81160000
-43.51995653,121.81160000
-43.47995653,123.57550000
-43.43995653,120.04760000
-43.39995653,121.81160000
-43.35995653,121.81160000
-43.31995653,121.81160000
-43.27995653,121.81160000
-43.23995653,121.81160000
-43.19995653,121.81160000
-43.15995653,121.81160000
-43.11995653,121.81160000
-43.07995653,121.81160000
-43.03995653,120.04760000
-42.99995653,121.81160000
-42.95995653,121.81160000
-42.91995653,120.04760000
-42.87995653,121.81160000
-42.83995654,120.04760000
-42.79995654,120.04760000
-42.75995654,120.04760000
-42.71995654,120.04760000
-42.67995654,120.04760000
-42.63995654,120.04760000
-42.59995654,120.04760000
-42.55995654,118.28360000
-42.51995654,118.28360000
-42.47995654,120.04760000
-42.43995654,118.28360000
-42.39995654,118.28360000
-42.35995654,116.51970000
-42.31995654,116.51970000
-42.27995654,116.51970000
-42.23995654,116.51970000
-42.19995654,114.75570000
-42.15995654,114.75570000
-42.11995654,114.75570000
-42.07995654,114.75570000
-42.03995654,114.75570000
-41.99995654,114.75570000
-41.95995654,112.98560000
-41.91995654,112.98560000
-41.87995654,112.98560000
-41.83995654,112.98560000
-41.79995654,111.22170000
-41.75995654,111.22170000
-41.71995654,111.22170000
-41.67995654,109.45770000
-41.63995654,109.45770000
-41.59995654,109.45770000
-41.55995654,107.69370000
-41.51995654,107.69370000
-41.47995654,107.69370000
-41.43995654,107.69370000
-41.39995654,105.92970000
-41.35995654,105.92970000
-41.31995654,105.92970000
-41.27995654,104.16580000
-41.23995654,104.16580000
-41.19995655,102.40180000
-41.15995655,102.40180000
-41.11995655,100.63780000
-41.07995655,100.63780000
-41.03995655,100.63780000
-40.99995655,100.63780000
-40.95995655,98.87386000
-40.91995655,98.87386000
-40.87995655,98.87386000
-40.83995655,95.34592000
-40.79995655,95.34592000
-40.75995655,95.34592000
-40.71995655,93.58195000
-40.67995655,93.58195000
-40.63995655,93.58195000
-40.59995655,93.58195000
-40.55995655,91.81799000
-40.51995655,91.81799000
-40.47995655,90.05402000
-40.43995655,90.05402000
-40.39995655,88.29005000
-40.35995655,86.52608000
-40.31995655,86.52608000
-40.27995655,86.52608000
-40.23995655,86.52608000
-40.19995655,84.75600000
-40.15995655,84.75600000
-40.11995655,82.99203000
-40.07995655,81.22807000
-40.03995655,81.22807000
-39.99995655,81.22807000
-39.95995655,79.46410000
-39.91995655,79.46410000
-39.87995655,77.70013000
-39.83995655,77.70013000
-39.79995655,75.93616000
-39.75995655,74.17219000
-39.71995655,74.17219000
-39.67995655,72.40822000
-39.63995655,72.40822000
-39.59995655,70.64425000
-39.55995656,70.64425000
-39.51995656,70.64425000
-39.47995656,67.11631000
-39.43995656,67.11631000
-39.39995656,65.35233000
-39.35995656,65.35233000
-39.31995656,63.58836000
-39.27995656,63.58836000
-39.23995656,61.82440000
-39.19995656,60.06042000
-39.15995656,60.06042000
-39.11995656,58.29646000
-39.07995656,58.29646000
-39.03995656,56.52638000
-38.99995656,56.52638000
-38.95995656,54.76241000
-38.91995656,52.99844000
-38.87995656,51.23447000
-38.83995656,51.23447000
-38.79995656,51.23447000
-38.75995656,49.47050000
-38.71995656,49.47050000
-38.67995656,47.70654000
-38.63995656,45.94257000
-38.59995656,44.17860000
-38.55995656,44.17860000
-38.51995656,44.17860000
-38.47995656,42.41463000
-38.43995656,40.65065000
-38.39995656,38.88668000
-38.35995656,38.88668000
-38.31995656,37.12271000
-38.27995656,37.12271000
-38.23995656,35.35874000
-38.19995656,35.35874000
-38.15995656,33.59477000
-38.11995656,31.83080000
-38.07995656,30.06684000
-38.03995656,30.06684000
-37.99995656,28.29676000
-37.95995656,28.29676000
-37.91995656,26.53279000
-37.87995657,24.76882000
-37.83995657,24.76882000
-37.79995657,23.00485000
-37.75995657,21.24088000
-37.71995657,21.24088000
-37.67995657,19.47691000
-37.63995657,17.71294000
-37.59995657,15.94897000
-37.55995657,15.94897000
-37.51995657,14.18500000
-37.47995657,14.18500000
-37.43995657,14.18500000
-37.39995657,10.65706000
-37.35995657,8.89309300
-37.31995657,8.89309300
-37.27995657,7.12912400
-37.23995657,7.12912400
-37.19995657,5.36515400
-37.15995657,3.60118400
-37.11995657,1.83721400
-37.07995657,1.83721400
-37.03995657,1.83721400
-36.99995657,0.07324442
-36.95995657,-1.69072500
-36.91995657,-3.45469500
-36.87995657,-5.21866500
-36.83995657,-5.21866500
-36.79995657,-5.21866500
-36.75995657,-8.74660500
-36.71995657,-8.74660500
-36.67995657,-8.74660500
-36.63995657,-12.27454000
-36.59995657,-12.27454000
-36.55995657,-14.03851000
-36.51995657,-14.03851000
-36.47995657,-14.03851000
-36.43995657,-17.56645000
-36.39995657,-19.33042000
-36.35995657,-19.33042000
-36.31995657,-19.33042000
-36.27995657,-21.09439000
-36.23995658,-21.09439000
-36.19995658,-24.62233000
-36.15995658,-24.62233000
-36.11995658,-26.39241000
-36.07995658,-26.39241000
-36.03995658,-28.15638000
-35.99995658,-28.15638000
-35.95995658,-29.92035000
-35.91995658,-31.68431000
-35.87995658,-33.44828000
-35.83995658,-33.44828000
-35.79995658,-33.44828000
-35.75995658,-35.21225000
-35.71995658,-36.97623000
-35.67995658,-36.97623000
-35.63995658,-38.74020000
-35.59995658,-40.50417000
-35.55995658,-40.50417000
-35.51995658,-40.50417000
-35.47995658,-42.26814000
-35.43995658,-42.26814000
-35.39995658,-45.79607000
-35.35995658,-45.79607000
-35.31995658,-47.56004000
-35.27995658,-47.56004000
-35.23995658,-47.56004000
-35.19995658,-49.32401000
-35.15995658,-51.08798000
-35.11995658,-52.85195000
-35.07995658,-52.85195000
-35.03995658,-54.62203000
-34.99995658,-54.62203000
-34.95995658,-54.62203000
-34.91995658,-56.38600000
-34.87995658,-58.14997000
-34.83995658,-59.91394000
-34.79995658,-59.91394000
-34.75995658,-61.67791000
-34.71995658,-61.67791000
-34.67995658,-61.67791000
-34.63995658,-63.44188000
-34.59995659,-63.44188000
-34.55995659,-65.20585000
-34.51995659,-65.20585000
-34.47995659,-68.73379000
-34.43995659,-68.73379000
-34.39995659,-68.73379000
-34.35995659,-70.49776000
-34.31995659,-70.49776000
-34.27995659,-72.26173000
-34.23995659,-74.02570000
-34.19995659,-74.02570000
-34.15995659,-74.02570000
-34.11995659,-75.78967000
-34.07995659,-75.78967000
-34.03995659,-75.78967000
-33.99995659,-77.55363000
-33.95995659,-77.55363000
-33.91995659,-77.55363000
-33.87995659,-79.31760000
-33.83995659,-81.08157000
-33.79995659,-82.85165000
-33.75995659,-82.85165000
-33.71995659,-82.85165000
-33.67995659,-82.85165000
-33.63995659,-82.85165000
-33.59995659,-84.61562000
-33.55995659,-84.61562000
-33.51995659,-86.37959000
-33.47995659,-88.14356000
-33.43995659,-88.14356000
-33.39995659,-88.14356000
-33.35995659,-89.90753000
-33.31995659,-89.90753000
-33.27995659,-89.90753000
-33.23995659,-91.67150000
-33.19995659,-91.67150000
-33.15995659,-91.67150000
-33.11995659,-91.67150000
-33.07995659,-91.67150000
-33.03995659,-95.19944000
-32.99995659,-95.19944000
-32.95995660,-95.19944000
-32.91995660,-96.96341000
-32.87995660,-96.96341000
-32.83995660,-96.96341000
-32.79995660,-96.96341000
-32.75995660,-96.96341000
-32.71995660,-96.96341000
-32.67995660,-98.72738000
-32.63995660,-98.72738000
-32.59995660,-98.72738000
-32.55995660,-98.72738000
-32.51995660,-100.49130000
-32.47995660,-100.49130000
-32.43995660,-102.25530000
-32.39995660,-102.25530000
-32.35995660,-102.25530000
-32.31995660,-104.01930000
-32.27995660,-104.01930000
-32.23995660,-104.01930000
-32.19995660,-104.01930000
-32.15995660,-104.01930000
-32.11995660,-105.78330000
-32.07995660,-105.78330000
-32.03995660,-105.78330000
-31.99995660,-105.78330000
-31.95995660,-105.78330000
-31.91995660,-105.78330000
-31.87995660,-105.78330000
-31.83995660,-105.78330000
-31.79995660,-107.54720000
-31.75995660,-105.78330000
-31.71995660,-105.78330000
-31.67995660,-107.54720000
-31.63995660,-107.54720000
-31.59995660,-107.54720000
-31.55995660,-107.54720000
-31.51995660,-107.54720000
-31.47995660,-109.31120000
-31.43995660,-107.54720000
-31.39995660,-109.31120000
-31.35995660,-109.31120000
-31.31995661,-109.31120000
-31.27995661,-109.31120000
-31.23995661,-107.54720000
-31.19995661,-109.31120000
-31.15995661,-109.31120000
-31.11995661,-109.31120000
-31.07995661,-109.31120000
-31.03995661,-109.31120000
-30.99995661,-109.31120000
-30.95995661,-109.31120000
-30.91995661,-109.31120000
-30.87995661,-109.31120000
-30.83995661,-109.31120000
-30.79995661,-109.31120000
-30.75995661,-109.31120000
-30.71995661,-109.31120000
-30.67995661,-109.31120000
-30.63995661,-107.54720000
-30.59995661,-109.31120000
-30.55995661,-107.54720000
-30.51995661,-109.31120000
-30.47995661,-109.31120000
-30.43995661,-107.54720000
-30.39995661,-107.54720000
-30.35995661,-107.54720000
-30.31995661,-107.54720000
-30.27995661,-105.78330000
-30.23995661,-105.78330000
-30.19995661,-107.54720000
-30.15995661,-105.78330000
-30.11995661,-105.78330000
-30.07995661,-105.78330000
-30.03995661,-105.78330000
-29.99995661,-105.78330000
-29.95995661,-104.01930000
-29.91995661,-104.01930000
-29.87995661,-104.01930000
-29.83995661,-104.01930000
-29.79995661,-104.01930000
-29.75995661,-104.01930000
-29.71995661,-104.01930000
-29.67995662,-102.25530000
-29.63995662,-104.01930000
-29.59995662,-102.25530000
-29.55995662,-102.25530000
-29.51995662,-100.49130000
-29.47995662,-100.49130000
-29.43995662,-98.72738000
-29.39995662,-98.72738000
-29.35995662,-98.72738000
-29.31995662,-98.72738000
-29.27995662,-98.72738000
-29.23995662,-96.96341000
-29.19995662,-96.96341000
-29.15995662,-96.96341000
-29.11995662,-96.96341000
-29.07995662,-96.96341000
-29.03995662,-96.96341000
-28.99995662,-95.19944000
-28.95995662,-93.43547000
-28.91995662,-93.43547000
-28.87995662,-91.67150000
-28.83995662,-93.43547000
-28.79995662,-91.67150000
-28.75995662,-91.67150000
-28.71995662,-89.90753000
-28.67995662,-91.67150000
-28.63995662,-88.14356000
-28.59995662,-88.14356000
-28.55995662,-89.90753000
-28.51995662,-88.14356000
-28.47995662,-88.14356000
-28.43995662,-86.37959000
-28.39995662,-84.61562000
-28.35995662,-84.61562000
-28.31995662,-82.85165000
-28.27995662,-82.85165000
-28.23995662,-82.85165000
-28.19995662,-81.08157000
-28.15995662,-81.08157000
-28.11995662,-81.08157000
-28.07995662,-79.31760000
-28.03995663,-77.55363000
-27.99995663,-77.55363000
-27.95995663,-77.55363000
-27.91995663,-77.55363000
-27.87995663,-75.78967000
-27.83995663,-75.78967000
-27.79995663,-74.02570000
-27.75995663,-74.02570000
-27.71995663,-72.26173000
-27.67995663,-70.49776000
-27.63995663,-70.49776000
-27.59995663,-68.73379000
-27.55995663,-68.73379000
-27.51995663,-68.73379000
-27.47995663,-68.73379000
-27.43995663,-66.96982000
-27.39995663,-65.20585000
-27.35995663,-63.44188000
-27.31995663,-63.44188000
-27.27995663,-61.67791000
-27.23995663,-61.67791000
-27.19995663,-59.91394000
-27.15995663,-59.91394000
-27.11995663,-59.91394000
-27.07995663,-56.38600000
-27.03995663,-56.38600000
-26.99995663,-56.38600000
-26.95995663,-54.62203000
-26.91995663,-54.62203000
-26.87995663,-54.62203000
-26.83995663,-52.85195000
-26.79995663,-51.08798000
-26.75995663,-49.32401000
-26.71995663,-49.32401000
-26.67995663,-47.56004000
-26.63995663,-47.56004000
-26.59995663,-47.56004000
-26.55995663,-45.79607000
-26.51995663,-42.26814000
-26.47995663,-42.26814000
-26.43995663,-40.50417000
-26.39995664,-40.50417000
-26.35995664,-40.50417000
-26.31995664,-38.74020000
-26.27995664,-36.97623000
-26.23995664,-35.21225000
-26.19995664,-35.21225000
-26.15995664,-33.44828000
-26.11995664,-33.44828000
-26.07995664,-31.68431000
-26.03995664,-31.68431000
-25.99995664,-29.92035000
-25.95995664,-28.15638000
-25.91995664,-26.39241000
-25.87995664,-26.39241000
-25.83995664,-26.39241000
-25.79995664,-24.62233000
-25.75995664,-22.85836000
-25.71995664,-21.09439000
-25.67995664,-21.09439000
-25.63995664,-19.33042000
-25.59995664,-19.33042000
-25.55995664,-17.56645000
-25.51995664,-17.56645000
-25.47995664,-14.03851000
-25.43995664,-14.03851000
-25.39995664,-12.27454000
-25.35995664,-12.27454000
-25.31995664,-10.51057000
-25.27995664,-8.74660500
-25.23995664,-6.98263500
-25.19995664,-6.98263500
-25.15995664,-5.21866500
-25.11995664,-5.21866500
-25.07995664,-3.45469500
-25.03995664,-3.45469500
-24.99995664,0.07324442
-24.95995664,0.07324442
-24.91995664,1.83721400
-24.87995664,1.83721400
-24.83995664,3.60118400
-24.79995664,5.36515400
-24.75995664,7.12912400
-24.71995665,7.12912400
-24.67995665,8.89309300
-24.63995665,8.89309300
-24.59995665,8.89309300
-24.55995665,10.65706000
-24.51995665,14.18500000
-24.47995665,15.94897000
-24.43995665,15.94897000
-24.39995665,15.94897000
-24.35995665,15.94897000
-24.31995665,19.47691000
-24.27995665,21.24088000
-24.23995665,21.24088000
-24.19995665,21.24088000
-24.15995665,23.00485000
-24.11995665,24.76882000
-24.07995665,24.76882000
-24.03995665,26.53279000
-23.99995665,28.29676000
-23.95995665,30.06684000
-23.91995665,30.06684000
-23.87995665,30.06684000
-23.83995665,31.83080000
-23.79995665,33.59477000
-23.75995665,35.35874000
-23.71995665,35.35874000
-23.67995665,37.12271000
-23.63995665,37.12271000
-23.59995665,38.88668000
-23.55995665,38.88668000
-23.51995665,42.41463000
-23.47995665,42.41463000
-23.43995665,44.17860000
-23.39995665,44.17860000
-23.35995665,44.17860000
-23.31995665,45.94257000
-23.27995665,47.70654000
-23.23995665,49.47050000
-23.19995665,49.47050000
-23.15995665,51.23447000
-23.11995665,51.23447000
-23.07995666,52.99844000
-23.03995666,52.99844000
-22.99995666,54.76241000
-22.95995666,56.52638000
-22.91995666,58.29646000
-22.87995666,58.29646000
-22.83995666,58.29646000
-22.79995666,60.06042000
-22.75995666,61.82440000
-22.71995666,63.58836000
-22.67995666,63.58836000
-22.63995666,65.35233000
-22.59995666,65.35233000
-22.55995666,65.35233000
-22.51995666,67.11631000
-22.47995666,68.88028000
-22.43995666,68.88028000
-22.39995666,70.64425000
-22.35995666,72.40822000
-22.31995666,72.40822000
-22.27995666,72.40822000
-22.23995666,74.17219000
-22.19995666,75.93616000
-22.15995666,75.93616000
-22.11995666,77.70013000
-22.07995666,77.70013000
-22.03995666,79.46410000
-21.99995666,79.46410000
-21.95995666,81.22807000
-21.91995666,81.22807000
-21.87995666,82.99203000
-21.83995666,82.99203000
-21.79995666,82.99203000
-21.75995666,84.75600000
-21.71995666,86.52608000
-21.67995666,86.52608000
-21.63995666,86.52608000
-21.59995666,88.29005000
-21.55995666,88.29005000
-21.51995666,90.05402000
-21.47995666,90.05402000
-21.43995667,91.81799000
-21.39995667,91.81799000
-21.35995667,93.58195000
-21.31995667,93.58195000
-21.27995667,93.58195000
-21.23995667,95.34592000
-21.19995667,95.34592000
-21.15995667,95.34592000
-21.11995667,97.10989000
-21.07995667,97.10989000
-21.03995667,98.87386000
-20.99995667,98.87386000
-20.95995667,100.63780000
-20.91995667,100.63780000
-20.87995667,100.63780000
-20.83995667,102.40180000
-20.79995667,102.40180000
-20.75995667,104.16580000
-20.71995667,104.16580000
-20.67995667,105.92970000
-20.63995667,105.92970000
-20.59995667,105.92970000
-20.55995667,105.92970000
-20.51995667,107.69370000
-20.47995667,107.69370000
-20.43995667,107.69370000
-20.39995667,107.69370000
-20.35995667,109.45770000
-20.31995667,109.45770000
-20.27995667,111.22170000
-20.23995667,111.22170000
-20.19995667,111.22170000
-20.15995667,111.22170000
-20.11995667,112.98560000
-20.07995667,112.98560000
-20.03995667,114.75570000
-19.99995667,114.75570000
-19.95995667,114.75570000
-19.91995667,114.75570000
-19.87995667,114.75570000
-19.83995667,114.75570000
-19.79995668,114.75570000
-19.75995668,116.51970000
-19.71995668,116.51970000
-19.67995668,116.51970000
-19.63995668,116.51970000
-19.59995668,116.51970000
-19.55995668,116.51970000
-19.51995668,118.28360000
-19.47995668,118.28360000
-19.43995668,118.28360000
-19.39995668,120.04760000
-19.35995668,120.04760000
-19.31995668,120.04760000
-19.27995668,120.04760000
-19.23995668,120.04760000
-19.19995668,120.04760000
-19.15995668,120.04760000
-19.11995668,120.04760000
-19.07995668,120.04760000
-19.03995668,121.81160000
-18.99995668,121.81160000
-18.95995668,121.81160000
-18.91995668,121.81160000
-18.87995668,121.81160000
-18.83995668,121.81160000
-18.79995668,121.81160000
-18.75995668,121.81160000
-18.71995668,121.81160000
-18.67995668,121.81160000
-18.63995668,121.81160000
-18.59995668,121.81160000
-18.55995668,121.81160000
-18.51995668,121.81160000
-18.47995668,121.81160000
-18.43995668,121.81160000
-18.39995668,121.81160000
-18.35995668,121.81160000
-18.31995668,121.81160000
-18.27995668,121.81160000
-18.23995668,121.81160000
-18.19995668,121.81160000
-18.15995669,121.81160000
-18.11995669,121.81160000
-18.07995669,121.81160000
-18.03995669,121.81160000
-17.99995669,121.81160000
-17.95995669,121.81160000
-17.91995669,121.81160000
-17.87995669,121.81160000
-17.83995669,120.04760000
-17.79995669,120.04760000
-17.75995669,120.04760000
-17.71995669,120.04760000
-17.67995669,120.04760000
-17.63995669,120.04760000
-17.59995669,118.28360000
-17.55995669,118.28360000
-17.51995669,118.28360000
-17.47995669,118.28360000
-17.43995669,116.51970000
-17.39995669,118.28360000
-17.35995669,116.51970000
-17.31995669,116.51970000
-17.27995669,116.51970000
-17.23995669,114.75570000
-17.19995669,116.51970000
-17.15995669,114.75570000
-17.11995669,114.75570000
-17.07995669,114.75570000
-17.03995669,114.75570000
-16.99995669,114.75570000
-16.95995669,112.98560000
-16.91995669,112.98560000
-16.87995669,112.98560000
-16.83995669,111.22170000
-16.79995669,111.22170000
-16.75995669,111.22170000
-16.71995669,111.22170000
-16.67995669,109.45770000
-16.63995669,109.45770000
-16.59995669,107.69370000
-16.55995669,107.69370000
-16.51995670,107.69370000
-16.47995670,107.69370000
-16.43995670,107.69370000
-16.39995670,105.92970000
-16.35995670,105.92970000
-16.31995670,105.92970000
-16.27995670,104.16580000
-16.23995670,104.16580000
-16.19995670,102.40180000
-16.15995670,102.40180000
-16.11995670,100.63780000
-16.07995670,100.63780000
-16.03995670,100.63780000
-15.99995670,98.87386000
-15.95995670,98.87386000
-15.91995670,98.87386000
-15.87995670,97.10989000
-15.83995670,95.34592000
-15.79995670,95.34592000
-15.75995670,95.34592000
-15.71995670,95.34592000
-15.67995670,93.58195000
-15.63995670,93.58195000
-15.59995670,93.58195000
-15.55995670,91.81799000
-15.51995670,91.81799000
-15.47995670,90.05402000
-15.43995670,90.05402000
-15.39995670,88.29005000
-15.35995670,88.29005000
-15.31995670,86.52608000
-15.27995670,86.52608000
-15.23995670,84.75600000
-15.19995670,84.75600000
-15.15995670,84.75600000
-15.11995670,82.99203000
-15.07995670,81.22807000
-15.03995670,79.46410000
-14.99995670,79.46410000
-14.95995670,79.46410000
-14.91995670,79.46410000
-14.87995671,77.70013000
-14.83995671,77.70013000
-14.79995671,75.93616000
-14.75995671,74.17219000
-14.71995671,74.17219000
-14.67995671,72.40822000
-14.63995671,72.40822000
-14.59995671,72.40822000
-14.55995671,70.64425000
-14.51995671,68.88028000
-14.47995671,67.11631000
-14.43995671,67.11631000
-14.39995671,65.35233000
-14.35995671,65.35233000
-14.31995671,65.35233000
-14.27995671,63.58836000
-14.23995671,63.58836000
-14.19995671,60.06042000
-14.15995671,60.06042000
-14.11995671,58.29646000
-14.07995671,58.29646000
-14.03995671,56.52638000
-13.99995671,56.52638000
-13.95995671,56.52638000
-13.91995671,52.99844000
-13.87995671,51.23447000
-13.83995671,51.23447000
-13.79995671,51.23447000
-13.75995671,49.47050000
-13.71995671,47.70654000
-13.67995671,47.70654000
-13.63995671,45.94257000
-13.59995671,45.94257000
-13.55995671,44.17860000
-13.51995671,44.17860000
-13.47995671,42.41463000
-13.43995671,40.65065000
-13.39995671,38.88668000
-13.35995671,38.88668000
-13.31995671,37.12271000
-13.27995671,37.12271000
-13.23995671,37.12271000
-13.19995672,35.35874000
-13.15995672,33.59477000
-13.11995672,31.83080000
-13.07995672,30.06684000
-13.03995672,30.06684000
-12.99995672,28.29676000
-12.95995672,28.29676000
-12.91995672,26.53279000
-12.87995672,24.76882000
-12.83995672,24.76882000
-12.79995672,23.00485000
-12.75995672,21.24088000
-12.71995672,21.24088000
-12.67995672,19.47691000
-12.63995672,17.71294000
-12.59995672,17.71294000
-12.55995672,15.94897000
-12.51995672,14.18500000
-12.47995672,14.18500000
-12.43995672,12.42103000
-12.39995672,10.65706000
-12.35995672,8.89309300
-12.31995672,8.89309300
-12.27995672,7.12912400
-12.23995672,7.12912400
-12.19995672,5.36515400
-12.15995672,3.60118400
-12.11995672,1.83721400
-12.07995672,1.83721400
-12.03995672,1.83721400
-11.99995672,0.07324442
-11.95995672,-3.45469500
-11.91995672,-3.45469500
-11.87995672,-3.45469500
-11.83995672,-5.21866500
-11.79995672,-6.98263500
-11.75995672,-6.98263500
-11.71995672,-6.98263500
-11.67995672,-10.51057000
-11.63995672,-12.27454000
-11.59995672,-12.27454000
-11.55995673,-12.27454000
-11.51995673,-14.03851000
-11.47995673,-15.80248000
-11.43995673,-17.56645000
-11.39995673,-19.33042000
-11.35995673,-19.33042000
-11.31995673,-19.33042000
-11.27995673,-21.09439000
-11.23995673,-21.09439000
-11.19995673,-22.85836000
-11.15995673,-24.62233000
-11.11995673,-26.39241000
-11.07995673,-26.39241000
-11.03995673,-26.39241000
-10.99995673,-28.15638000
-10.95995673,-29.92035000
-10.91995673,-31.68431000
-10.87995673,-33.44828000
-10.83995673,-33.44828000
-10.79995673,-33.44828000
-10.75995673,-35.21225000
-10.71995673,-36.97623000
-10.67995673,-36.97623000
-10.63995673,-38.74020000
-10.59995673,-40.50417000
-10.55995673,-40.50417000
-10.51995673,-40.50417000
-10.47995673,-42.26814000
-10.43995673,-44.03210000
-10.39995673,-45.79607000
-10.35995673,-47.56004000
-10.31995673,-47.56004000
-10.27995673,-47.56004000
-10.23995673,-49.32401000
-10.19995673,-49.32401000
-10.15995673,-51.08798000
-10.11995673,-52.85195000
-10.07995673,-54.62203000
-10.03995673,-54.62203000
-9.99995673,-54.62203000
-9.95995673,-54.62203000
-9.91995674,-56.38600000
-9.87995674,-58.14997000
-9.83995674,-59.91394000
-9.79995674,-59.91394000
-9.75995674,-61.67791000
-9.71995674,-61.67791000
-9.67995674,-61.67791000
-9.63995674,-63.44188000
-9.59995674,-63.44188000
-9.55995674,-65.20585000
-9.51995674,-65.20585000
-9.47995674,-68.73379000
-9.43995674,-68.73379000
-9.39995674,-68.73379000
-9.35995674,-70.49776000
-9.31995674,-70.49776000
-9.27995674,-72.26173000
-9.23995674,-74.02570000
-9.19995674,-74.02570000
-9.15995674,-75.78967000
-9.11995674,-75.78967000
-9.07995674,-75.78967000
-9.03995674,-75.78967000
-8.99995674,-77.55363000
-8.95995674,-77.55363000
-8.91995674,-77.55363000
-8.87995674,-79.31760000
-8.83995674,-81.08157000
-8.79995674,-82.85165000
-8.75995674,-82.85165000
-8.71995674,-82.85165000
-8.67995674,-82.85165000
-8.63995674,-84.61562000
-8.59995674,-84.61562000
-8.55995674,-84.61562000
-8.51995674,-86.37959000
-8.47995674,-88.14356000
-8.43995674,-88.14356000
-8.39995674,-88.14356000
-8.35995674,-89.90753000
-8.31995674,-89.90753000
-8.27995675,-89.90753000
-8.23995675,-89.90753000
-8.19995675,-91.67150000
-8.15995675,-91.67150000
-8.11995675,-91.67150000
-8.07995675,-93.43547000
-8.03995675,-93.43547000
-7.99995675,-95.19944000
-7.95995675,-95.19944000
-7.91995675,-96.96341000
-7.87995675,-96.96341000
-7.83995675,-96.96341000
-7.79995675,-96.96341000
-7.75995675,-96.96341000
-7.71995675,-96.96341000
-7.67995675,-96.96341000
-7.63995675,-98.72738000
-7.59995675,-98.72738000
-7.55995675,-98.72738000
-7.51995675,-100.49130000
-7.47995675,-102.25530000
-7.43995675,-102.25530000
-7.39995675,-102.25530000
-7.35995675,-102.25530000
-7.31995675,-104.01930000
-7.27995675,-104.01930000
-7.23995675,-104.01930000
-7.19995675,-104.01930000
-7.15995675,-104.01930000
-7.11995675,-105.78330000
-7.07995675,-104.01930000
-7.03995675,-104.01930000
-6.99995675,-105.78330000
-6.95995675,-105.78330000
-6.91995675,-105.78330000
-6.87995675,-105.78330000
-6.83995675,-105.78330000
-6.79995675,-105.78330000
-6.75995675,-105.78330000
-6.71995675,-107.54720000
-6.67995675,-105.78330000
-6.63995676,-107.54720000
-6.59995676,-107.54720000
-6.55995676,-107.54720000
-6.51995676,-107.54720000
-6.47995676,-107.54720000
-6.43995676,-107.54720000
-6.39995676,-109.31120000
-6.35995676,-109.31120000
-6.31995676,-109.31120000
-6.27995676,-109.31120000
-6.23995676,-109.31120000
-6.19995676,-109.31120000
-6.15995676,-107.54720000
-6.11995676,-109.31120000
-6.07995676,-109.31120000
-6.03995676,-109.31120000
-5.99995676,-109.31120000
-5.95995676,-109.31120000
-5.91995676,-109.31120000
-5.87995676,-109.31120000
-5.83995676,-109.31120000
-5.79995676,-109.31120000
-5.75995676,-109.31120000
-5.71995676,-109.31120000
-5.67995676,-109.31120000
-5.63995676,-109.31120000
-5.59995676,-109.31120000
-5.55995676,-107.54720000
-5.51995676,-107.54720000
-5.47995676,-107.54720000
-5.43995676,-107.54720000
-5.39995676,-107.54720000
-5.35995676,-107.54720000
-5.31995676,-105.78330000
-5.27995676,-107.54720000
-5.23995676,-105.78330000
-5.19995676,-105.78330000
-5.15995676,-105.78330000
-5.11995676,-105.78330000
-5.07995676,-105.78330000
-5.03995676,-105.78330000
-4.99995677,-105.78330000
-4.95995677,-105.78330000
-4.91995677,-104.01930000
-4.87995677,-104.01930000
-4.83995677,-104.01930000
-4.79995677,-104.01930000
-4.75995677,-104.01930000
-4.71995677,-104.01930000
-4.67995677,-104.01930000
-4.63995677,-102.25530000
-4.59995677,-102.25530000
-4.55995677,-102.25530000
-4.51995677,-102.25530000
-4.47995677,-100.49130000
-4.43995677,-98.72738000
-4.39995677,-98.72738000
-4.35995677,-98.72738000
-4.31995677,-98.72738000
-4.27995677,-98.72738000
-4.23995677,-96.96341000
-4.19995677,-96.96341000
-4.15995677,-96.96341000
-4.11995677,-96.96341000
-4.07995677,-96.96341000
-4.03995677,-95.19944000
-3.99995677,-95.19944000
-3.95995677,-95.19944000
-3.91995677,-93.43547000
-3.87995677,-93.43547000
-3.83995677,-91.67150000
-3.79995677,-91.67150000
-3.75995677,-89.90753000
-3.71995677,-89.90753000
-3.67995677,-89.90753000
-3.63995677,-89.90753000
-3.59995677,-89.90753000
-3.55995677,-88.14356000
-3.51995677,-88.14356000
-3.47995677,-86.37959000
-3.43995677,-84.61562000
-3.39995677,-84.61562000
-3.35995678,-84.61562000
-3.31995678,-82.85165000
-3.27995678,-82.85165000
-3.23995678,-82.85165000
-3.19995678,-82.85165000
-3.15995678,-81.08157000
-3.11995678,-81.08157000
-3.07995678,-79.31760000
-3.03995678,-79.31760000
-2.99995678,-77.55363000
-2.95995678,-75.78967000
-2.91995678,-75.78967000
-2.87995678,-75.78967000
-2.83995678,-74.02570000
-2.79995678,-74.02570000
-2.75995678,-74.02570000
-2.71995678,-72.26173000
-2.67995678,-70.49776000
-2.63995678,-70.49776000
-2.59995678,-68.73379000
-2.55995678,-68.73379000
-2.51995678,-68.73379000
-2.47995678,-68.73379000
-2.43995678,-66.96982000
-2.39995678,-65.20585000
-2.35995678,-63.44188000
-2.31995678,-63.44188000
-2.27995678,-61.67791000
-2.23995678,-61.67791000
-2.19995678,-59.91394000
-2.15995678,-59.91394000
-2.11995678,-59.91394000
-2.07995678,-58.14997000
-2.03995678,-56.38600000
-1.99995678,-56.38600000
-1.95995678,-54.62203000
-1.91995678,-54.62203000
-1.87995678,-52.85195000
-1.83995678,-52.85195000
-1.79995678,-51.08798000
-1.75995678,-49.32401000
-1.71995678,-49.32401000
-1.67995679,-47.56004000
-1.63995679,-47.56004000
-1.59995679,-45.79607000
-1.55995679,-44.03210000
-1.51995679,-42.26814000
-1.47995679,-42.26814000
-1.43995679,-40.50417000
-1.39995679,-40.50417000
-1.35995679,-40.50417000
-1.31995679,-38.74020000
-1.27995679,-36.97623000
-1.23995679,-35.21225000
-1.19995679,-33.44828000
-1.15995679,-33.44828000
-1.11995679,-33.44828000
-1.07995679,-33.44828000
-1.03995679,-31.68431000
-0.99995679,-29.92035000
-0.95995679,-28.15638000
-0.91995679,-26.39241000
-0.87995679,-26.39241000
-0.83995679,-26.39241000
-0.79995679,-24.62233000
-0.75995679,-22.85836000
-0.71995679,-21.09439000
-0.67995679,-21.09439000
-0.63995679,-19.33042000
-0.59995679,-19.33042000
-0.55995679,-17.56645000
-0.51995679,-15.80248000
-0.47995679,-14.03851000
-0.43995679,-14.03851000
-0.39995679,-12.27454000
-0.35995679,-12.27454000
-0.31995679,-10.51057000
-0.27995679,-10.51057000
-0.23995679,-6.98263500
-0.19995679,-6.98263500
-0.15995679,-5.21866500
-0.11995679,-5.21866500
-0.07995679,-3.45469500
-0.03995680,-3.45469500
0.00004320,-1.69072500
0.04004320,0.07324442
0.08004320,1.83721400
0.12004320,1.83721400
0.16004320,3.60118400
0.20004320,5.36515400
0.24004320,5.36515400
0.28004320,7.12912400
0.32004320,8.89309300
0.36004320,8.89309300
0.40004320,10.65706000
0.44004320,10.65706000
0.48004320,14.18500000
0.52004320,14.18500000
0.56004320,15.94897000
0.60004320,15.94897000
0.64004320,17.71294000
0.68004320,17.71294000
0.72004320,19.47691000
0.76004320,21.24088000
0.80004320,23.00485000
0.84004320,23.00485000
0.88004320,24.76882000
0.92004320,24.76882000
0.96004320,26.53279000
1.00004320,28.29676000
1.04004320,30.06684000
1.08004320,30.06684000
1.12004320,30.06684000
1.16004320,31.83080000
1.20004320,33.59477000
1.24004320,35.35874000
1.28004320,35.35874000
1.32004320,37.12271000
1.36004320,37.12271000
1.40004320,37.12271000
1.44004320,38.88668000
1.48004320,40.65065000
1.52004320,42.41463000
1.56004320,42.41463000
1.60004319,44.17860000
1.64004319,44.17860000
1.68004319,45.94257000
1.72004319,47.70654000
1.76004319,49.47050000
1.80004319,49.47050000
1.84004319,51.23447000
1.88004319,52.99844000
1.92004319,52.99844000
1.96004319,54.76241000
2.00004319,56.52638000
2.04004319,56.52638000
2.08004319,58.29646000
2.12004319,58.29646000
2.16004319,60.06042000
2.20004319,60.06042000
2.24004319,61.82440000
2.28004319,63.58836000
2.32004319,63.58836000
2.36004319,65.35233000
2.40004319,65.35233000
2.44004319,65.35233000
2.48004319,67.11631000
2.52004319,67.11631000
2.56004319,70.64425000
2.60004319,70.64425000
2.64004319,72.40822000
2.68004319,72.40822000
2.72004319,72.40822000
2.76004319,72.40822000
2.80004319,75.93616000
2.84004319,75.93616000
2.88004319,77.70013000
2.92004319,79.46410000
2.96004319,79.46410000
3.00004319,79.46410000
3.04004319,81.22807000
3.08004319,81.22807000
3.12004319,81.22807000
3.16004319,84.75600000
3.20004319,84.75600000
3.24004318,84.75600000
3.28004318,86.52608000
3.32004318,86.52608000
3.36004318,86.52608000
3.40004318,88.29005000
3.44004318,88.29005000
3.48004318,90.05402000
3.52004318,90.05402000
3.56004318,91.81799000
3.60004318,91.81799000
3.64004318,93.58195000
3.68004318,93.58195000
3.72004318,95.34592000
3.76004318,95.34592000
3.80004318,95.34592000
3.84004318,95.34592000
3.88004318,97.10989000
3.92004318,98.87386000
3.96004318,98.87386000
4.00004318,98.87386000
4.04004318,100.63780000
4.08004318,100.63780000
4.12004318,100.63780000
4.16004318,102.40180000
4.20004318,102.40180000
4.24004318,104.16580000
4.28004318,104.16580000
4.32004318,105.92970000
4.36004318,105.92970000
4.40004318,105.92970000
4.44004318,107.69370000
4.48004318,107.69370000
4.52004318,107.69370000
4.56004318,107.69370000
4.60004318,107.69370000
4.64004318,109.45770000
4.68004318,109.45770000
4.72004318,109.45770000
4.76004318,111.22170000
4.80004318,111.22170000
4.84004318,112.98560000
4.88004317,112.98560000
4.92004317,112.98560000
4.96004317,112.98560000
5.00004317,114.75570000
5.04004317,114.75570000
5.08004317,114.75570000
5.12004317,114.75570000
5.16004317,114.75570000
5.20004317,114.75570000
5.24004317,114.75570000
5.28004317,116.51970000
5.32004317,114.75570000
5.36004317,116.51970000
5.40004317,116.51970000
5.44004317,118.28360000
5.48004317,118.28360000
5.52004317,118.28360000
5.56004317,118.28360000
5.60004317,120.04760000
5.64004317,120.04760000
5.68004317,120.04760000
5.72004317,120.04760000
5.76004317,120.04760000
5.80004317,120.04760000
5.84004317,120.04760000
5.88004317,120.04760000
5.92004317,120.04760000
5.96004317,121.81160000
6.00004317,121.81160000
6.04004317,121.81160000
6.08004317,121.81160000
6.12004317,121.81160000
6.16004317,121.81160000
6.20004317,121.81160000
6.24004317,121.81160000
6.28004317,121.81160000
6.32004317,121.81160000
6.36004317,121.81160000
6.40004317,121.81160000
6.44004317,121.81160000
6.48004317,121.81160000
6.52004316,121.81160000
6.56004316,121.81160000
6.60004316,121.81160000
6.64004316,121.81160000
6.68004316,121.81160000
6.72004316,121.81160000
6.76004316,121.81160000
6.80004316,121.81160000
6.84004316,121.81160000
6.88004316,120.04760000
6.92004316,121.81160000
6.96004316,121.81160000
7.00004316,120.04760000
7.04004316,120.04760000
7.08004316,120.04760000
7.12004316,120.04760000
7.16004316,120.04760000
7.20004316,120.04760000
7.24004316,120.04760000
7.28004316,120.04760000
7.32004316,120.04760000
7.36004316,120.04760000
7.40004316,120.04760000
7.44004316,118.28360000
7.48004316,118.28360000
7.52004316,118.28360000
7.56004316,118.28360000
7.60004316,116.51970000
7.64004316,114.75570000
7.68004316,116.51970000
7.72004316,116.51970000
7.76004316,116.51970000
7.80004316,114.75570000
7.84004316,114.75570000
7.88004316,114.75570000
7.92004316,114.75570000
7.96004316,114.75570000
8.00004316,114.75570000
8.04004316,114.75570000
8.08004316,112.98560000
8.12004316,112.98560000
8.16004315,112.98560000
8.20004315,111.22170000
8.24004315,111.22170000
8.28004315,109.45770000
8.32004315,109.45770000
8.36004315,109.45770000
8.40004315,107.69370000
8.44004315,107.69370000
8.48004315,107.69370000
8.52004315,107.69370000
8.56004315,107.69370000
8.60004315,105.92970000
8.64004315,105.92970000
8.68004315,105.92970000
8.72004315,105.92970000
8.76004315,105.92970000
8.80004315,102.40180000
8.84004315,102.40180000
8.88004315,102.40180000
8.92004315,100.63780000
8.96004315,100.63780000
9.00004315,100.63780000
9.04004315,98.87386000
9.08004315,98.87386000
9.12004315,98.87386000
9.16004315,97.10989000
9.20004315,95.34592000
9.24004315,95.34592000
9.28004315,93.58195000
9.32004315,93.58195000
9.36004315,93.58195000
9.40004315,93.58195000
9.44004315,91.81799000
9.48004315,91.81799000
9.52004315,90.05402000
9.56004315,88.29005000
9.60004315,88.29005000
9.64004315,86.52608000
9.68004315,86.52608000
9.72004315,86.52608000
9.76004315,86.52608000
9.80004314,84.75600000
9.84004314,84.75600000
9.88004314,82.99203000
9.92004314,81.22807000
9.96004314,81.22807000
10.00004314,79.46410000
10.04004314,79.46410000
10.08004314,79.46410000
10.12004314,77.70013000
10.16004314,77.70013000
10.20004314,77.70013000
10.24004314,74.17219000
10.28004314,72.40822000
10.32004314,72.40822000
10.36004314,72.40822000
10.40004314,72.40822000
10.44004314,70.64425000
10.48004314,68.88028000
10.52004314,68.88028000
10.56004314,65.35233000
10.60004314,65.35233000
10.64004314,65.35233000
10.68004314,65.35233000
10.72004314,63.58836000
10.76004314,61.82440000
10.80004314,60.06042000
10.84004314,60.06042000
10.88004314,58.29646000
10.92004314,58.29646000
10.96004314,56.52638000
11.00004314,56.52638000
11.04004314,54.76241000
11.08004314,54.76241000
11.12004314,52.99844000
11.16004314,51.23447000
11.20004314,51.23447000
11.24004314,49.47050000
11.28004314,49.47050000
11.32004314,47.70654000
11.36004314,45.94257000
11.40004314,44.17860000
11.44004314,44.17860000
11.48004313,42.41463000
11.52004313,42.41463000
11.56004313,40.65065000
11.60004313,38.88668000
11.64004313,38.88668000
11.68004313,37.12271000
11.72004313,35.35874000
11.76004313,35.35874000
11.80004313,33.59477000
11.84004313,33.59477000
11.88004313,31.83080000
11.92004313,30.06684000
11.96004313,30.06684000
12.00004313,28.29676000
12.04004313,28.29676000
12.08004313,26.53279000
12.12004313,24.76882000
12.16004313,23.00485000
12.20004313,23.00485000
12.24004313,21.24088000
12.28004313,21.24088000
12.32004313,21.24088000
12.36004313,17.71294000
12.40004313,17.71294000
12.44004313,15.94897000
12.48004313,15.94897000
12.52004313,14.18500000
12.56004313,14.18500000
12.60004313,10.65706000
12.64004313,8.89309300
12.68004313,8.89309300
12.72004313,8.89309300
12.76004313,7.12912400
12.80004313,5.36515400
12.84004313,3.60118400
12.88004313,3.60118400
12.92004313,1.83721400
12.96004313,1.83721400
13.00004313,0.07324442
13.04004313,-1.69072500
13.08004313,-3.45469500
13.12004312,-5.21866500
13.16004312,-5.21866500
13.20004312,-5.21866500
13.24004312,-6.98263500
13.28004312,-6.98263500
13.32004312,-10.51057000
13.36004312,-12.27454000
13.40004312,-12.27454000
13.44004312,-14.03851000
13.48004312,-14.03851000
13.52004312,-15.80248000
13.56004312,-17.56645000
13.60004312,-19.33042000
13.64004312,-19.33042000
13.68004312,-19.33042000
13.72004312,-21.09439000
13.76004312,-21.09439000
13.80004312,-22.85836000
13.84004312,-26.39241000
13.88004312,-26.39241000
13.92004312,-26.39241000
13.96004312,-28.15638000
14.00004312,-29.92035000
14.04004312,-29.92035000
14.08004312,-31.68431000
14.12004312,-33.44828000
14.16004312,-33.44828000
14.20004312,-33.44828000
14.24004312,-35.21225000
14.28004312,-36.97623000
14.32004312,-36.97623000
14.36004312,-38.74020000
14.40004312,-40.50417000
14.44004312,-40.50417000
14.48004312,-42.26814000
14.52004312,-42.26814000
14.56004312,-44.03210000
14.60004312,-44.03210000
14.64004312,-47.56004000
14.68004312,-47.56004000
14.72004312,-47.56004000
14.76004311,-49.32401000
14.80004311,-49.32401000
14.84004311,-51.08798000
14.88004311,-52.85195000
14.92004311,-52.85195000
14.96004311,-54.62203000
15.00004311,-54.62203000
15.04004311,-56.38600000
15.08004311,-56.38600000
15.12004311,-58.14997000
15.16004311,-59.91394000
15.20004311,-61.67791000
15.24004311,-61.67791000
15.28004311,-61.67791000
15.32004311,-63.44188000
15.36004311,-63.44188000
15.40004311,-63.44188000
15.44004311,-65.20585000
15.48004311,-66.96982000
15.52004311,-68.73379000
15.56004311,-68.73379000
15.60004311,-68.73379000
15.64004311,-70.49776000
15.68004311,-70.49776000
15.72004311,-70.49776000
15.76004311,-70.49776000
15.80004311,-75.78967000
15.84004311,-74.02570000
15.88004311,-74.02570000
15.92004311,-75.78967000
15.96004311,-77.55363000
16.00004311,-77.55363000
16.04004311,-77.55363000
16.08004311,-77.55363000
16.12004311,-79.31760000
16.16004311,-81.08157000
16.20004311,-81.08157000
16.24004311,-82.85165000
16.28004311,-82.85165000
16.32004311,-82.85165000
16.36004311,-84.61562000
16.40004310,-84.61562000
16.44004310,-84.61562000
16.48004310,-86.37959000
16.52004310,-88.14356000
16.56004310,-88.14356000
16.60004310,-88.14356000
16.64004310,-89.90753000
16.68004310,-89.90753000
16.72004310,-89.90753000
16.76004310,-91.67150000
16.80004310,-91.67150000
16.84004310,-91.67150000
16.88004310,-91.67150000
16.92004310,-93.43547000
16.96004310,-93.43547000
17.00004310,-95.19944000
17.04004310,-95.19944000
17.08004310,-95.19944000
17.12004310,-96.96341000
17.16004310,-96.96341000
17.20004310,-96.96341000
17.24004310,-96.96341000
17.28004310,-96.96341000
17.32004310,-98.72738000
17.36004310,-98.72738000
17.40004310,-98.72738000
17.44004310,-98.72738000
17.48004310,-102.25530000
17.52004310,-102.25530000
17.56004310,-102.25530000
17.60004310,-102.25530000
17.64004310,-104.01930000
17.68004310,-104.01930000
17.72004310,-104.01930000
17.76004310,-104.01930000
17.80004310,-104.01930000
17.84004310,-104.01930000
17.88004310,-104.01930000
17.92004310,-104.01930000
17.96004310,-104.01930000
18.00004310,-105.78330000
18.04004309,-105.78330000
18.08004309,-105.78330000
18.12004309,-105.78330000
18.16004309,-105.78330000
18.20004309,-105.78330000
18.24004309,-105.78330000
18.28004309,-105.78330000
18.32004309,-107.54720000
18.36004309,-107.54720000
18.40004309,-107.54720000
18.44004309,-107.54720000
18.48004309,-109.31120000
18.52004309,-107.54720000
18.56004309,-107.54720000
18.60004309,-109.31120000
18.64004309,-109.31120000
18.68004309,-109.31120000
18.72004309,-109.31120000
18.76004309,-109.31120000
18.80004309,-109.31120000
18.84004309,-109.31120000
18.88004309,-109.31120000
18.92004309,-109.31120000
18.96004309,-109.31120000
19.00004309,-109.31120000
19.04004309,-109.31120000
19.08004309,-109.31120000
19.12004309,-109.31120000
19.16004309,-109.31120000
19.20004309,-109.31120000
19.24004309,-109.31120000
19.28004309,-109.31120000
19.32004309,-109.31120000
19.36004309,-109.31120000
19.40004309,-107.54720000
19.44004309,-107.54720000
19.48004309,-109.31120000
19.52004309,-107.54720000
19.56004309,-107.54720000
19.60004309,-107.54720000
19.64004309,-107.54720000
19.68004308,-107.54720000
19.72004308,-105.78330000
19.76004308,-105.78330000
19.80004308,-107.54720000
19.84004308,-105.78330000
19.88004308,-105.78330000
19.92004308,-105.78330000
19.96004308,-105.78330000
20.00004308,-105.78330000
20.04004308,-105.78330000
20.08004308,-104.01930000
20.12004308,-104.01930000
20.16004308,-104.01930000
20.20004308,-104.01930000
20.24004308,-104.01930000
20.28004308,-104.01930000
20.32004308,-104.01930000
20.36004308,-102.25530000
20.40004308,-102.25530000
20.44004308,-102.25530000
20.48004308,-100.49130000
20.52004308,-100.49130000
20.56004308,-98.72738000
20.60004308,-98.72738000
20.64004308,-98.72738000
20.68004308,-98.72738000
20.72004308,-96.96341000
20.76004308,-96.96341000
20.80004308,-96.96341000
20.84004308,-96.96341000
20.88004308,-96.96341000
20.92004308,-96.96341000
20.96004308,-95.19944000
21.00004308,-95.19944000
21.04004308,-95.19944000
21.08004308,-93.43547000
21.12004308,-93.43547000
21.16004308,-91.67150000
21.20004308,-91.67150000
21.24004308,-91.67150000
21.28004308,-89.90753000
21.32004307,-89.90753000
21.36004307,-89.90753000
21.40004307,-88.14356000
21.44004307,-88.14356000
21.48004307,-88.14356000
21.52004307,-86.37959000
21.56004307,-84.61562000
21.60004307,-84.61562000
21.64004307,-84.61562000
21.68004307,-82.85165000
21.72004307,-82.85165000
21.76004307,-82.85165000
21.80004307,-82.85165000
21.84004307,-81.08157000
21.88004307,-81.08157000
21.92004307,-79.31760000
21.96004307,-77.55363000
22.00004307,-77.55363000
22.04004307,-77.55363000
22.08004307,-75.78967000
22.12004307,-75.78967000
22.16004307,-75.78967000
22.20004307,-74.02570000
22.24004307,-74.02570000
22.28004307,-72.26173000
22.32004307,-72.26173000
22.36004307,-70.49776000
22.40004307,-68.73379000
22.44004307,-68.73379000
22.48004307,-68.73379000
22.52004307,-65.20585000
22.56004307,-66.96982000
22.60004307,-65.20585000
22.64004307,-63.44188000
22.68004307,-61.67791000
22.72004307,-61.67791000
22.76004307,-61.67791000
22.80004307,-59.91394000
22.84004307,-59.91394000
22.88004307,-58.14997000
22.92004307,-56.38600000
22.96004307,-56.38600000
23.00004306,-56.38600000
23.04004306,-54.62203000
23.08004306,-54.62203000
23.12004306,-52.85195000
23.16004306,-52.85195000
23.20004306,-51.08798000
23.24004306,-49.32401000
23.28004306,-49.32401000
23.32004306,-47.56004000
23.36004306,-47.56004000
23.40004306,-47.56004000
23.44004306,-45.79607000
23.48004306,-44.03210000
23.52004306,-42.26814000
23.56004306,-40.50417000
23.60004306,-40.50417000
23.64004306,-40.50417000
23.68004306,-38.74020000
23.72004306,-36.97623000
23.76004306,-35.21225000
23.80004306,-35.21225000
23.84004306,-33.44828000
23.88004306,-33.44828000
23.92004306,-31.68431000
23.96004306,-29.92035000
24.00004306,-28.15638000
24.04004306,-28.15638000
24.08004306,-26.39241000
24.12004306,-26.39241000
24.16004306,-24.62233000
24.20004306,-24.62233000
24.24004306,-22.85836000
24.28004306,-21.09439000
24.32004306,-21.09439000
24.36004306,-19.33042000
24.40004306,-19.33042000
24.44004306,-17.56645000
24.48004306,-17.56645000
24.52004306,-14.03851000
24.56004306,-14.03851000
24.60004306,-12.27454000
24.64004305,-12.27454000
24.68004305,-12.27454000
24.72004305,-8.74660500
24.76004305,-6.98263500
24.80004305,-6.98263500
24.84004305,-5.21866500
24.88004305,-5.21866500
24.92004305,-3.45469500
24.96004305,-3.45469500
25.00004305,-1.69072500
25.04004305,0.07324442
25.08004305,1.83721400
25.12004305,1.83721400
25.16004305,3.60118400
25.20004305,3.60118400
25.24004305,7.12912400
25.28004305,7.12912400
25.32004305,8.89309300
25.36004305,8.89309300
25.40004305,10.65706000
25.44004305,14.18500000
25.48004305,14.18500000
25.52004305,14.18500000
25.56004305,15.94897000
25.60004305,15.94897000
25.64004305,17.71294000
25.68004305,17.71294000
25.72004305,19.47691000
25.76004305,21.24088000
25.80004305,21.24088000
25.84004305,23.00485000
25.88004305,24.76882000
25.92004305,24.76882000
25.96004305,26.53279000
26.00004305,28.29676000
26.04004305,28.29676000
26.08004305,30.06684000
26.12004305,30.06684000
26.16004305,31.83080000
26.20004305,31.83080000
26.24004305,35.35874000
26.28004304,35.35874000
26.32004304,37.12271000
26.36004304,37.12271000
26.40004304,38.88668000
26.44004304,38.88668000
26.48004304,42.41463000
26.52004304,42.41463000
26.56004304,44.17860000
26.60004304,44.17860000
26.64004304,44.17860000
26.68004304,45.94257000
26.72004304,49.47050000
26.76004304,49.47050000
26.80004304,49.47050000
26.84004304,51.23447000
26.88004304,51.23447000
26.92004304,52.99844000
26.96004304,54.76241000
27.00004304,54.76241000
27.04004304,58.29646000
27.08004304,58.29646000
27.12004304,58.29646000
27.16004304,60.06042000
27.20004304,60.06042000
27.24004304,61.82440000
27.28004304,63.58836000
27.32004304,63.58836000
27.36004304,65.35233000
27.40004304,65.35233000
27.44004304,65.35233000
27.48004304,67.11631000
27.52004304,67.11631000
27.56004304,70.64425000
27.60004304,70.64425000
27.64004304,72.40822000
27.68004304,72.40822000
27.72004304,72.40822000
27.76004304,74.17219000
27.80004304,75.93616000
27.84004304,75.93616000
27.88004304,77.70013000
27.92004303,79.46410000
27.96004303,79.46410000
28.00004303,79.46410000
28.04004303,81.22807000
28.08004303,81.22807000
28.12004303,82.99203000
28.16004303,84.75600000
28.20004303,84.75600000
28.24004303,84.75600000
28.28004303,86.52608000
28.32004303,86.52608000
28.36004303,86.52608000
28.40004303,88.29005000
28.44004303,88.29005000
28.48004303,90.05402000
28.52004303,91.81799000
28.56004303,91.81799000
28.60004303,91.81799000
28.64004303,93.58195000
28.68004303,93.58195000
28.72004303,93.58195000
28.76004303,93.58195000
28.80004303,95.34592000
28.84004303,95.34592000
28.88004303,97.10989000
28.92004303,98.87386000
28.96004303,98.87386000
29.00004303,98.87386000
29.04004303,100.63780000
29.08004303,100.63780000
29.12004303,100.63780000
29.16004303,102.40180000
29.20004303,102.40180000
29.24004303,104.16580000
29.28004303,105.92970000
29.32004303,105.92970000
29.36004303,105.92970000
29.40004303,105.92970000
29.44004303,107.69370000
29.48004303,107.69370000
29.52004303,107.69370000
29.56004302,107.69370000
29.60004302,107.69370000
29.64004302,109.45770000
29.68004302,109.45770000
29.72004302,109.45770000
29.76004302,111.22170000
29.80004302,111.22170000
29.84004302,112.98560000
29.88004302,112.98560000
29.92004302,112.98560000
29.96004302,112.98560000
30.00004302,114.75570000
30.04004302,114.75570000
30.08004302,114.75570000
30.12004302,114.75570000
30.16004302,114.75570000
30.20004302,114.75570000
30.24004302,114.75570000
30.28004302,114.75570000
30.32004302,116.51970000
30.36004302,116.51970000
30.40004302,116.51970000
30.44004302,118.28360000
30.48004302,118.28360000
30.52004302,120.04760000
30.56004302,120.04760000
30.60004302,120.04760000
30.64004302,120.04760000
30.68004302,118.28360000
30.72004302,120.04760000
30.76004302,121.81160000
30.80004302,120.04760000
30.84004302,120.04760000
30.88004302,120.04760000
30.92004302,121.81160000
30.96004302,121.81160000
31.00004302,121.81160000
31.04004302,121.81160000
31.08004302,121.81160000
31.12004302,121.81160000
31.16004302,121.81160000
31.20004301,121.81160000
31.24004301,121.81160000
31.28004301,121.81160000
31.32004301,121.81160000
31.36004301,121.81160000
31.40004301,121.81160000
31.44004301,121.81160000
31.48004301,121.81160000
31.52004301,121.81160000
31.56004301,121.81160000
31.60004301,121.81160000
31.64004301,121.81160000
31.68004301,121.81160000
31.72004301,121.81160000
31.76004301,121.81160000
31.80004301,121.81160000
31.84004301,121.81160000
31.88004301,121.81160000
31.92004301,120.04760000
31.96004301,120.04760000
32.00004301,121.81160000
32.04004301,121.81160000
32.08004301,121.81160000
32.12004301,120.04760000
32.16004301,120.04760000
32.20004301,120.04760000
32.24004301,120.04760000
32.28004301,120.04760000
32.32004301,120.04760000
32.36004301,120.04760000
32.40004301,120.04760000
32.44004301,120.04760000
32.48004301,118.28360000
32.52004301,118.28360000
32.56004301,116.51970000
32.60004301,116.51970000
32.64004301,116.51970000
32.68004301,116.51970000
32.72004301,114.75570000
32.76004301,114.75570000
32.80004301,114.75570000
32.84004300,114.75570000
32.88004300,114.75570000
32.92004300,114.75570000
32.96004300,114.75570000
33.00004300,114.75570000
33.04004300,112.98560000
33.08004300,112.98560000
33.12004300,112.98560000
33.16004300,111.22170000
33.20004300,112.98560000
33.24004300,111.22170000
33.28004300,109.45770000
33.32004300,109.45770000
33.36004300,109.45770000
33.40004300,107.69370000
33.44004300,107.69370000
33.48004300,107.69370000
33.52004300,107.69370000
33.56004300,107.69370000
33.60004300,107.69370000
33.64004300,105.92970000
33.68004300,105.92970000
33.72004300,105.92970000
33.76004300,104.16580000
33.80004300,104.16580000
33.84004300,102.40180000
33.88004300,100.63780000
33.92004300,100.63780000
33.96004300,100.63780000
34.00004300,100.63780000
34.04004300,98.87386000
34.08004300,98.87386000
34.12004300,98.87386000
34.16004300,97.10989000
34.20004300,95.34592000
34.24004300,95.34592000
34.28004300,93.58195000
34.32004300,93.58195000
34.36004300,93.58195000
34.40004300,93.58195000
34.44004300,91.81799000
34.48004299,91.81799000
34.52004299,91.81799000
34.56004299,88.29005000
34.60004299,88.29005000
34.64004299,88.29005000
34.68004299,86.52608000
34.72004299,86.52608000
34.76004299,86.52608000
34.80004299,84.75600000
34.84004299,84.75600000
34.88004299,81.22807000
34.92004299,81.22807000
34.96004299,79.46410000
35.00004299,81.22807000
35.04004299,79.46410000
35.08004299,77.70013000
35.12004299,77.70013000
35.16004299,75.93616000
35.20004299,75.93616000
35.24004299,74.17219000
35.28004299,74.17219000
35.32004299,72.40822000
35.36004299,72.40822000
35.40004299,70.64425000
35.44004299,70.64425000
35.48004299,70.64425000
35.52004299,67.11631000
35.56004299,67.11631000
35.60004299,65.35233000
35.64004299,65.35233000
35.68004299,63.58836000
35.72004299,63.58836000
35.76004299,61.82440000
35.80004299,61.82440000
35.84004299,60.06042000
35.88004299,58.29646000
35.92004299,58.29646000
35.96004299,58.29646000
36.00004299,56.52638000
36.04004299,56.52638000
36.08004299,52.99844000
36.12004299,52.99844000
36.16004298,51.23447000
36.20004298,51.23447000
36.24004298,49.47050000
36.28004298,49.47050000
36.32004298,47.70654000
36.36004298,45.94257000
36.40004298,44.17860000
36.44004298,44.17860000
36.48004298,42.41463000
36.52004298,42.41463000
36.56004298,40.65065000
36.60004298,38.88668000
36.64004298,38.88668000
36.68004298,37.12271000
36.72004298,37.12271000
36.76004298,35.35874000
36.80004298,35.35874000
36.84004298,31.83080000
36.88004298,30.06684000
36.92004298,30.06684000
36.96004298,30.06684000
37.00004298,30.06684000
37.04004298,28.29676000
37.08004298,26.53279000
37.12004298,24.76882000
37.16004298,23.00485000
37.20004298,23.00485000
37.24004298,21.24088000
37.28004298,21.24088000
37.32004298,19.47691000
37.36004298,17.71294000
37.40004298,15.94897000
37.44004298,15.94897000
37.48004298,14.18500000
37.52004298,14.18500000
37.56004298,14.18500000
37.60004298,10.65706000
37.64004298,8.89309300
37.68004298,8.89309300
37.72004298,8.89309300
37.76004298,7.12912400
37.80004297,5.36515400
37.84004297,3.60118400
37.88004297,1.83721400
37.92004297,1.83721400
37.96004297,1.83721400
38.00004297,0.07324442
38.04004297,-1.69072500
38.08004297,-1.69072500
38.12004297,-5.21866500
38.16004297,-5.21866500
38.20004297,-5.21866500
38.24004297,-6.98263500
38.28004297,-6.98263500
38.32004297,-8.74660500
38.36004297,-12.27454000
38.40004297,-12.27454000
38.44004297,-12.27454000
38.48004297,-14.03851000
38.52004297,-15.80248000
38.56004297,-17.56645000
38.60004297,-17.56645000
38.64004297,-19.33042000
38.68004297,-19.33042000
38.72004297,-21.09439000
38.76004297,-21.09439000
38.80004297,-22.85836000
38.84004297,-24.62233000
38.88004297,-26.39241000
38.92004297,-26.39241000
38.96004297,-28.15638000
39.00004297,-28.15638000
39.04004297,-29.92035000
39.08004297,-31.68431000
39.12004297,-33.44828000
39.16004297,-33.44828000
39.20004297,-35.21225000
39.24004297,-35.21225000
39.28004297,-35.21225000
39.32004297,-38.74020000
39.36004297,-38.74020000
39.40004297,-40.50417000
39.44004296,-40.50417000
39.48004296,-40.50417000
39.52004296,-42.26814000
39.56004296,-45.79607000
39.60004296,-45.79607000
39.64004296,-47.56004000
39.68004296,-47.56004000
39.72004296,-47.56004000
39.76004296,-49.32401000
39.80004296,-49.32401000
39.84004296,-51.08798000
39.88004296,-52.85195000
39.92004296,-52.85195000
39.96004296,-54.62203000
40.00004296,-54.62203000
40.04004296,-56.38600000
40.08004296,-56.38600000
40.12004296,-58.14997000
40.16004296,-59.91394000
40.20004296,-59.91394000
40.24004296,-61.67791000
40.28004296,-61.67791000
40.32004296,-61.67791000
40.36004296,-63.44188000
40.40004296,-63.44188000
40.44004296,-65.20585000
40.48004296,-66.96982000
40.52004296,-68.73379000
40.56004296,-68.73379000
40.60004296,-68.73379000
40.64004296,-70.49776000
40.68004296,-70.49776000
40.72004296,-70.49776000
40.76004296,-72.26173000
40.80004296,-74.02570000
40.84004296,-75.78967000
40.88004296,-75.78967000
40.92004296,-75.78967000
40.96004296,-75.78967000
41.00004296,-77.55363000
41.04004296,-79.31760000
41.08004295,-79.31760000
41.12004295,-79.31760000
41.16004295,-81.08157000
41.20004295,-82.85165000
41.24004295,-82.85165000
41.28004295,-82.85165000
41.32004295,-82.85165000
41.36004295,-82.85165000
41.40004295,-84.61562000
41.44004295,-84.61562000
41.48004295,-84.61562000
41.52004295,-86.37959000
41.56004295,-88.14356000
41.60004295,-88.14356000
41.64004295,-89.90753000
41.68004295,-89.90753000
41.72004295,-89.90753000
41.76004295,-89.90753000
41.80004295,-91.67150000
41.84004295,-91.67150000
41.88004295,-91.67150000
41.92004295,-93.43547000
41.96004295,-95.19944000
42.00004295,-95.19944000
42.04004295,-95.19944000
42.08004295,-96.96341000
42.12004295,-96.96341000
42.16004295,-96.96341000
42.20004295,-96.96341000
42.24004295,-96.96341000
42.28004295,-98.72738000
42.32004295,-98.72738000
42.36004295,-98.72738000
42.40004295,-98.72738000
42.44004295,-98.72738000
42.48004295,-100.49130000
42.52004295,-102.25530000
42.56004295,-102.25530000
42.60004295,-102.25530000
42.64004295,-104.01930000
42.68004295,-102.25530000
42.72004294,-104.01930000
42.76004294,-104.01930000
42.80004294,-104.01930000
42.84004294,-104.01930000
42.88004294,-104.01930000
42.92004294,-104.01930000
42.96004294,-104.01930000
43.00004294,-104.01930000
43.04004294,-105.78330000
43.08004294,-105.78330000
43.12004294,-105.78330000
43.16004294,-105.78330000
43.20004294,-105.78330000
43.24004294,-105.78330000
43.28004294,-105.78330000
43.32004294,-107.54720000
43.36004294,-107.54720000
43.40004294,-107.54720000
43.44004294,-109.31120000
43.48004294,-109.31120000
43.52004294,-107.54720000
43.56004294,-107.54720000
43.60004294,-109.31120000
43.64004294,-109.31120000
43.68004294,-109.31120000
43.72004294,-109.31120000
43.76004294,-109.31120000
43.80004294,-109.31120000
43.84004294,-109.31120000
43.88004294,-109.31120000
43.92004294,-109.31120000
43.96004294,-109.31120000
44.00004294,-109.31120000
44.04004294,-109.31120000
44.08004294,-109.31120000
44.12004294,-109.31120000
44.16004294,-109.31120000
44.20004294,-109.31120000
44.24004294,-109.31120000
44.28004294,-109.31120000
44.32004294,-109.31120000
44.36004293,-109.31120000
44.40004293,-109.31120000
44.44004293,-109.31120000
44.48004293,-109.31120000
44.52004293,-107.54720000
44.56004293,-109.31120000
44.60004293,-109.31120000
44.64004293,-107.54720000
44.68004293,-107.54720000
44.72004293,-107.54720000
44.76004293,-105.78330000
44.80004293,-105.78330000
44.84004293,-105.78330000
44.88004293,-105.78330000
44.92004293,-105.78330000
44.96004293,-105.78330000
45.00004293,-105.78330000
45.04004293,-104.01930000
45.08004293,-104.01930000
45.12004293,-104.01930000
45.16004293,-104.01930000
45.20004293,-104.01930000
45.24004293,-104.01930000
45.28004293,-104.01930000
45.32004293,-104.01930000
45.36004293,-104.01930000
45.40004293,-100.49130000
45.44004293,-104.01930000
45.48004293,-102.25530000
45.52004293,-100.49130000
45.56004293,-98.72738000
45.60004293,-98.72738000
45.64004293,-98.72738000
45.68004293,-98.72738000
45.72004293,-98.72738000
45.76004293,-96.96341000
45.80004293,-96.96341000
45.84004293,-96.96341000
45.88004293,-96.96341000
45.92004293,-96.96341000
45.96004293,-95.19944000
46.00004292,-95.19944000
46.04004292,-95.19944000
46.08004292,-93.43547000
46.12004292,-91.67150000
46.16004292,-91.67150000
46.20004292,-91.67150000
46.24004292,-91.67150000
46.28004292,-89.90753000
46.32004292,-89.90753000
46.36004292,-88.14356000
46.40004292,-89.90753000
46.44004292,-88.14356000
46.48004292,-88.14356000
46.52004292,-88.14356000
46.56004292,-84.61562000
46.60004292,-84.61562000
46.64004292,-82.85165000
46.68004292,-84.61562000
46.72004292,-82.85165000
46.76004292,-82.85165000
46.80004292,-82.85165000
46.84004292,-82.85165000
46.88004292,-81.08157000
46.92004292,-79.31760000
46.96004292,-77.55363000
47.00004292,-77.55363000
47.04004292,-77.55363000
47.08004292,-75.78967000
47.12004292,-75.78967000
47.16004292,-75.78967000
47.20004292,-74.02570000
47.24004292,-74.02570000
47.28004292,-72.26173000
47.32004292,-70.49776000
47.36004292,-70.49776000
47.40004292,-70.49776000
47.44004292,-68.73379000
47.48004292,-68.73379000
47.52004292,-68.73379000
47.56004292,-65.20585000
47.60004292,-65.20585000
47.64004292,-63.44188000
47.68004291,-63.44188000
47.72004291,-61.67791000
47.76004291,-61.67791000
47.80004291,-61.67791000
47.84004291,-59.91394000
47.88004291,-59.91394000
47.92004291,-58.14997000
47.96004291,-56.38600000
48.00004291,-54.62203000
48.04004291,-54.62203000
48.08004291,-54.62203000
48.12004291,-54.62203000
48.16004291,-52.85195000
48.20004291,-51.08798000
48.24004291,-49.32401000
48.28004291,-47.56004000
48.32004291,-47.56004000
48.36004291,-47.56004000
48.40004291,-45.79607000
48.44004291,-45.79607000
48.48004291,-42.26814000
48.52004291,-42.26814000
48.56004291,-40.50417000
48.60004291,-40.50417000
48.64004291,-38.74020000
48.68004291,-38.74020000
48.72004291,-35.21225000
48.76004291,-35.21225000
48.80004291,-33.44828000
48.84004291,-33.44828000
48.88004291,-33.44828000
48.92004291,-31.68431000
48.96004291,-31.68431000
49.00004291,-29.92035000
49.04004291,-28.15638000
49.08004291,-26.39241000
49.12004291,-26.39241000
49.16004291,-24.62233000
49.20004291,-22.85836000
49.24004291,-22.85836000
49.28004291,-21.09439000
49.32004290,-21.09439000
49.36004290,-19.33042000
49.40004290,-19.33042000
49.44004290,-17.56645000
49.48004290,-17.56645000
49.52004290,-14.03851000
49.56004290,-12.27454000
49.60004290,-12.27454000
49.64004290,-12.27454000
49.68004290,-8.74660500
49.72004290,-6.98263500
49.76004290,-6.98263500
49.80004290,-6.98263500
49.84004290,-5.21866500
49.88004290,-5.21866500
49.92004290,-3.45469500
49.96004290,-1.69072500
50.00004290,0.07324442
50.04004290,0.07324442
50.08004290,1.83721400
50.12004290,1.83721400
50.16004290,1.83721400
50.20004290,3.60118400
50.24004290,5.36515400
50.28004290,7.12912400
50.32004290,8.89309300
50.36004290,8.89309300
50.40004290,8.89309300
50.44004290,10.65706000
50.48004290,14.18500000
50.52004290,14.18500000
50.56004290,15.94897000
50.60004290,15.94897000
50.64004290,17.71294000
50.68004290,19.47691000
50.72004290,21.24088000
50.76004290,21.24088000
50.80004290,23.00485000
50.84004290,23.00485000
50.88004290,24.76882000
50.92004290,24.76882000
50.96004289,26.53279000
51.00004289,30.06684000
51.04004289,28.29676000
51.08004289,30.06684000
51.12004289,31.83080000
51.16004289,31.83080000
51.20004289,33.59477000
51.24004289,35.35874000
51.28004289,37.12271000
51.32004289,37.12271000
51.36004289,37.12271000
51.40004289,38.88668000
51.44004289,38.88668000
51.48004289,40.65065000
51.52004289,42.41463000
51.56004289,44.17860000
51.60004289,44.17860000
51.64004289,44.17860000
51.68004289,45.94257000
51.72004289,49.47050000
51.76004289,49.47050000
51.80004289,51.23447000
51.84004289,51.23447000
51.88004289,51.23447000
51.92004289,52.99844000
51.96004289,54.76241000
52.00004289,56.52638000
52.04004289,56.52638000
52.08004289,58.29646000
52.12004289,58.29646000
52.16004289,58.29646000
52.20004289,61.82440000
52.24004289,61.82440000
52.28004289,61.82440000
52.32004289,63.58836000
52.36004289,65.35233000
52.40004289,65.35233000
52.44004289,65.35233000
52.48004289,67.11631000
52.52004289,67.11631000
52.56004289,70.64425000
52.60004288,72.40822000
52.64004288,72.40822000
52.68004288,72.40822000
52.72004288,72.40822000
52.76004288,74.17219000
52.80004288,75.93616000
52.84004288,77.70013000
52.88004288,77.70013000
52.92004288,77.70013000
52.96004288,79.46410000
53.00004288,79.46410000
53.04004288,79.46410000
53.08004288,81.22807000
53.12004288,82.99203000
53.16004288,82.99203000
53.20004288,84.75600000
53.24004288,84.75600000
53.28004288,86.52608000
53.32004288,86.52608000
53.36004288,88.29005000
53.40004288,88.29005000
53.44004288,90.05402000
53.48004288,88.29005000
53.52004288,91.81799000
53.56004288,91.81799000
53.60004288,91.81799000
53.64004288,93.58195000
53.68004288,93.58195000
53.72004288,93.58195000
53.76004288,95.34592000
53.80004288,95.34592000
53.84004288,97.10989000
53.88004288,97.10989000
53.92004288,98.87386000
53.96004288,98.87386000
54.00004288,98.87386000
54.04004288,100.63780000
54.08004288,100.63780000
54.12004288,100.63780000
54.16004288,102.40180000
54.20004288,102.40180000
54.24004287,104.16580000
54.28004287,105.92970000
54.32004287,105.92970000
54.36004287,105.92970000
54.40004287,105.92970000
54.44004287,107.69370000
54.48004287,107.69370000
54.52004287,107.69370000
54.56004287,107.69370000
54.60004287,109.45770000
54.64004287,107.69370000
54.68004287,109.45770000
54.72004287,109.45770000
54.76004287,111.22170000
54.80004287,111.22170000
54.84004287,111.22170000
54.88004287,112.98560000
54.92004287,112.98560000
54.96004287,112.98560000
55.00004287,114.75570000
55.04004287,114.75570000
55.08004287,114.75570000
55.12004287,114.75570000
55.16004287,114.75570000
55.20004287,116.51970000
55.24004287,114.75570000
55.28004287,114.75570000
55.32004287,116.51970000
55.36004287,116.51970000
55.40004287,116.51970000
55.44004287,118.28360000
55.48004287,118.28360000
55.52004287,118.28360000
55.56004287,120.04760000
55.60004287,118.28360000
55.64004287,120.04760000
55.68004287,120.04760000
55.72004287,120.04760000
55.76004287,120.04760000
55.80004287,120.04760000
55.84004287,120.04760000
55.88004286,120.04760000
55.92004286,120.04760000
55.96004286,120.04760000
56.00004286,121.81160000
56.04004286,121.81160000
56.08004286,121.81160000
56.12004286,121.81160000
56.16004286,121.81160000
56.20004286,121.81160000
56.24004286,121.81160000
56.28004286,121.81160000
56.32004286,121.81160000
56.36004286,121.81160000
56.40004286,121.81160000
56.44004286,121.81160000
56.48004286,121.81160000
56.52004286,121.81160000
56.56004286,121.81160000
56.60004286,121.81160000
56.64004286,121.81160000
56.68004286,121.81160000
56.72004286,121.81160000
56.76004286,121.81160000
56.80004286,121.81160000
56.84004286,121.81160000
56.88004286,121.81160000
56.92004286,121.81160000
56.96004286,121.81160000
57.00004286,120.04760000
57.04004286,121.81160000
57.08004286,120.04760000
57.12004286,120.04760000
57.16004286,120.04760000
57.20004286,120.04760000
57.24004286,120.04760000
57.28004286,120.04760000
57.32004286,118.28360000
57.36004286,120.04760000
57.40004286,120.04760000
57.44004286,120.04760000
57.48004286,118.28360000
57.52004285,118.28360000
57.56004285,116.51970000
57.60004285,118.28360000
57.64004285,116.51970000
57.68004285,116.51970000
57.72004285,116.51970000
57.76004285,116.51970000
57.80004285,114.75570000
57.84004285,114.75570000
57.88004285,114.75570000
57.92004285,114.75570000
57.96004285,114.75570000
58.00004285,114.75570000
58.04004285,112.98560000
58.08004285,114.75570000
58.12004285,112.98560000
58.16004285,112.98560000
58.20004285,111.22170000
58.24004285,111.22170000
58.28004285,111.22170000
58.32004285,109.45770000
58.36004285,109.45770000
58.40004285,109.45770000
58.44004285,107.69370000
58.48004285,107.69370000
58.52004285,107.69370000
58.56004285,105.92970000
58.60004285,105.92970000
58.64004285,105.92970000
58.68004285,105.92970000
58.72004285,105.92970000
58.76004285,105.92970000
58.80004285,102.40180000
58.84004285,102.40180000
58.88004285,100.63780000
58.92004285,100.63780000
58.96004285,100.63780000
59.00004285,98.87386000
59.04004285,100.63780000
59.08004285,98.87386000
59.12004285,97.10989000
59.16004285,95.34592000
59.20004284,95.34592000
59.24004284,95.34592000
59.28004284,93.58195000
59.32004284,93.58195000
59.36004284,93.58195000
59.40004284,91.81799000
59.44004284,91.81799000
59.48004284,91.81799000
59.52004284,90.05402000
59.56004284,88.29005000
59.60004284,88.29005000
59.64004284,86.52608000
59.68004284,86.52608000
59.72004284,86.52608000
59.76004284,84.75600000
59.80004284,84.75600000
59.84004284,84.75600000
59.88004284,82.99203000
59.92004284,81.22807000
59.96004284,81.22807000
60.00004284,79.46410000
60.04004284,79.46410000
60.08004284,77.70013000
60.12004284,77.70013000
60.16004284,77.70013000
60.20004284,75.93616000
60.24004284,74.17219000
60.28004284,72.40822000
60.32004284,72.40822000
60.36004284,72.40822000
60.40004284,70.64425000
60.44004284,70.64425000
60.48004284,70.64425000
60.52004284,67.11631000
60.56004284,65.35233000
60.60004284,65.35233000
60.64004284,65.35233000
60.68004284,63.58836000
60.72004284,63.58836000
60.76004284,61.82440000
60.80004284,60.06042000
60.84004283,60.06042000
60.88004283,58.29646000
60.92004283,58.29646000
60.96004283,58.29646000
61.00004283,56.52638000
61.04004283,54.76241000
61.08004283,52.99844000
61.12004283,52.99844000
61.16004283,51.23447000
61.20004283,51.23447000
61.24004283,49.47050000
61.28004283,49.47050000
61.32004283,47.70654000
61.36004283,45.94257000
61.40004283,44.17860000
61.44004283,44.17860000
61.48004283,42.41463000
61.52004283,42.41463000
61.56004283,40.65065000
61.60004283,38.88668000
61.64004283,37.12271000
61.68004283,37.12271000
61.72004283,37.12271000
61.76004283,35.35874000
61.80004283,33.59477000
61.84004283,31.83080000
61.88004283,31.83080000
61.92004283,30.06684000
61.96004283,30.06684000
62.00004283,28.29676000
62.04004283,28.29676000
62.08004283,26.53279000
62.12004283,24.76882000
62.16004283,23.00485000
62.20004283,23.00485000
62.24004283,23.00485000
62.28004283,21.24088000
62.32004283,19.47691000
62.36004283,17.71294000
62.40004283,15.94897000
62.44004283,15.94897000
62.48004282,15.94897000
62.52004282,14.18500000
62.56004282,14.18500000
62.60004282,10.65706000
62.64004282,8.89309300
62.68004282,8.89309300
62.72004282,7.12912400
62.76004282,7.12912400
62.80004282,5.36515400
62.84004282,3.60118400
62.88004282,1.83721400
62.92004282,1.83721400
62.96004282,0.07324442
63.00004282,0.07324442
63.04004282,-1.69072500
63.08004282,-3.45469500
63.12004282,-5.21866500
63.16004282,-5.21866500
63.20004282,-5.21866500
63.24004282,-6.98263500
63.28004282,-8.74660500
63.32004282,-10.51057000
63.36004282,-10.51057000
63.40004282,-12.27454000
63.44004282,-12.27454000
63.48004282,-14.03851000
63.52004282,-15.80248000
63.56004282,-17.56645000
63.60004282,-19.33042000
63.64004282,-19.33042000
63.68004282,-19.33042000
63.72004282,-21.09439000
63.76004282,-22.85836000
63.80004282,-22.85836000
63.84004282,-24.62233000
63.88004282,-26.39241000
63.92004282,-26.39241000
63.96004282,-26.39241000
64.00004282,-28.15638000
64.04004282,-29.92035000
64.08004282,-31.68431000
64.12004281,-33.44828000
64.16004281,-33.44828000
64.20004281,-33.44828000
64.24004281,-35.21225000
64.28004281,-36.97623000
64.32004281,-38.74020000
64.36004281,-40.50417000
64.40004281,-40.50417000
64.44004281,-40.50417000
64.48004281,-42.26814000
64.52004281,-44.03210000
64.56004281,-45.79607000
64.60004281,-47.56004000
64.64004281,-45.79607000
64.68004281,-47.56004000
64.72004281,-47.56004000
64.76004281,-49.32401000
64.80004281,-51.08798000
64.84004281,-51.08798000
64.88004281,-52.85195000
64.92004281,-54.62203000
64.96004281,-54.62203000
65.00004281,-54.62203000
65.04004281,-56.38600000
65.08004281,-56.38600000
65.12004281,-58.14997000
65.16004281,-59.91394000
65.20004281,-61.67791000
65.24004281,-61.67791000
65.28004281,-61.67791000
65.32004281,-61.67791000
65.36004281,-63.44188000
65.40004281,-65.20585000
65.44004281,-65.20585000
65.48004281,-66.96982000
65.52004281,-68.73379000
65.56004281,-68.73379000
65.60004281,-68.73379000
65.64004281,-68.73379000
65.68004281,-70.49776000
65.72004281,-72.26173000
65.76004280,-72.26173000
65.80004280,-74.02570000
65.84004280,-75.78967000
65.88004280,-75.78967000
65.92004280,-75.78967000
65.96004280,-77.55363000
66.00004280,-77.55363000
66.04004280,-77.55363000
66.08004280,-79.31760000
66.12004280,-81.08157000
66.16004280,-81.08157000
66.20004280,-82.85165000
66.24004280,-82.85165000
66.28004280,-82.85165000
66.32004280,-82.85165000
66.36004280,-82.85165000
66.40004280,-84.61562000
66.44004280,-84.61562000
66.48004280,-86.37959000
66.52004280,-86.37959000
66.56004280,-88.14356000
66.60004280,-89.90753000
66.64004280,-89.90753000
66.68004280,-89.90753000
66.72004280,-89.90753000
66.76004280,-91.67150000
66.80004280,-91.67150000
66.84004280,-91.67150000
66.88004280,-93.43547000
66.92004280,-93.43547000
66.96004280,-93.43547000
67.00004280,-95.19944000
67.04004280,-95.19944000
67.08004280,-93.43547000
67.12004280,-96.96341000
67.16004280,-96.96341000
67.20004280,-96.96341000
67.24004280,-96.96341000
67.28004280,-98.72738000
67.32004280,-98.72738000
67.36004280,-98.72738000
67.40004279,-98.72738000
67.44004279,-98.72738000
67.48004279,-100.49130000
67.52004279,-102.25530000
67.56004279,-102.25530000
67.60004279,-102.25530000
67.64004279,-102.25530000
67.68004279,-104.01930000
67.72004279,-104.01930000
67.76004279,-104.01930000
67.80004279,-104.01930000
67.84004279,-104.01930000
67.88004279,-104.01930000
67.92004279,-104.01930000
67.96004279,-105.78330000
68.00004279,-105.78330000
68.04004279,-105.78330000
68.08004279,-105.78330000
68.12004279,-105.78330000
68.16004279,-105.78330000
68.20004279,-105.78330000
68.24004279,-105.78330000
68.28004279,-105.78330000
68.32004279,-107.54720000
68.36004279,-107.54720000
68.40004279,-107.54720000
68.44004279,-107.54720000
68.48004279,-107.54720000
68.52004279,-109.31120000
68.56004279,-107.54720000
68.60004279,-107.54720000
68.64004279,-109.31120000
68.68004279,-109.31120000
68.72004279,-109.31120000
68.76004279,-109.31120000
68.80004279,-109.31120000
68.84004279,-109.31120000
68.88004279,-109.31120000
68.92004279,-109.31120000
68.96004279,-109.31120000
69.00004279,-109.31120000
69.04004278,-109.31120000
69.08004278,-109.31120000
69.12004278,-109.31120000
69.16004278,-109.31120000
69.20004278,-109.31120000
69.24004278,-109.31120000
69.28004278,-109.31120000
69.32004278,-109.31120000
69.36004278,-107.54720000
69.40004278,-107.54720000
69.44004278,-109.31120000
69.48004278,-107.54720000
69.52004278,-107.54720000
69.56004278,-107.54720000
69.60004278,-107.54720000
69.64004278,-107.54720000
69.68004278,-105.78330000
69.72004278,-105.78330000
69.76004278,-107.54720000
69.80004278,-105.78330000
69.84004278,-105.78330000
69.88004278,-105.78330000
69.92004278,-105.78330000
69.96004278,-105.78330000
70.00004278,-105.78330000
70.04004278,-104.01930000
70.08004278,-104.01930000
70.12004278,-104.01930000
70.16004278,-104.01930000
70.20004278,-104.01930000
70.24004278,-104.01930000
70.28004278,-104.01930000
70.32004278,-104.01930000
70.36004278,-102.25530000
70.40004278,-102.25530000
70.44004278,-102.25530000
70.48004278,-102.25530000
70.52004278,-100.49130000
70.56004278,-98.72738000
70.60004278,-98.72738000
70.64004278,-98.72738000
70.68004277,-98.72738000
70.72004277,-96.96341000
70.76004277,-96.96341000
70.80004277,-96.96341000
70.84004277,-96.96341000
70.88004277,-96.96341000
70.92004277,-95.19944000
70.96004277,-95.19944000
71.00004277,-95.19944000
71.04004277,-95.19944000
71.08004277,-91.67150000
71.12004277,-91.67150000
71.16004277,-91.67150000
71.20004277,-91.67150000
71.24004277,-89.90753000
71.28004277,-89.90753000
71.32004277,-89.90753000
71.36004277,-89.90753000
71.40004277,-88.14356000
71.44004277,-88.14356000
71.48004277,-86.37959000
71.52004277,-86.37959000
71.56004277,-84.61562000
71.60004277,-84.61562000
71.64004277,-84.61562000
71.68004277,-82.85165000
71.72004277,-82.85165000
71.76004277,-82.85165000
71.80004277,-82.85165000
71.84004277,-81.08157000
71.88004277,-81.08157000
71.92004277,-79.31760000
71.96004277,-77.55363000
72.00004277,-77.55363000
72.04004277,-75.78967000
72.08004277,-75.78967000
72.12004277,-75.78967000
72.16004277,-75.78967000
72.20004277,-74.02570000
72.24004277,-72.26173000
72.28004277,-70.49776000
72.32004277,-72.26173000
72.36004276,-70.49776000
72.40004276,-68.73379000
72.44004276,-68.73379000
72.48004276,-68.73379000
72.52004276,-66.96982000
72.56004276,-66.96982000
72.60004276,-65.20585000
72.64004276,-63.44188000
72.68004276,-63.44188000
72.72004276,-61.67791000
72.76004276,-61.67791000
72.80004276,-61.67791000
72.84004276,-59.91394000
72.88004276,-59.91394000
72.92004276,-56.38600000
72.96004276,-56.38600000
73.00004276,-54.62203000
73.04004276,-54.62203000
73.08004276,-54.62203000
73.12004276,-52.85195000
73.16004276,-52.85195000
73.20004276,-49.32401000
73.24004276,-49.32401000
73.28004276,-49.32401000
73.32004276,-47.56004000
73.36004276,-47.56004000
73.40004276,-47.56004000
73.44004276,-44.03210000
73.48004276,-42.26814000
73.52004276,-42.26814000
73.56004276,-40.50417000
73.60004276,-40.50417000
73.64004276,-40.50417000
73.68004276,-38.74020000
73.72004276,-36.97623000
73.76004276,-35.21225000
73.80004276,-35.21225000
73.84004276,-33.44828000
73.88004276,-33.44828000
73.92004276,-31.68431000
73.96004276,-29.92035000
74.00004275,-28.15638000
74.04004275,-28.15638000
74.08004275,-26.39241000
74.12004275,-26.39241000
74.16004275,-26.39241000
74.20004275,-24.62233000
74.24004275,-22.85836000
74.28004275,-21.09439000
74.32004275,-19.33042000
74.36004275,-19.33042000
74.40004275,-19.33042000
74.44004275,-17.56645000
74.48004275,-15.80248000
74.52004275,-15.80248000
74.56004275,-14.03851000
74.60004275,-14.03851000
74.64004275,-12.27454000
74.68004275,-12.27454000
74.72004275,-10.51057000
74.76004275,-6.98263500
74.80004275,-6.98263500
74.84004275,-5.21866500
74.88004275,-5.21866500
74.92004275,-3.45469500
74.96004275,-1.69072500
75.00004275,-1.69072500
75.04004275,1.83721400
75.08004275,0.07324442
75.12004275,1.83721400
75.16004275,3.60118400
75.20004275,5.36515400
75.24004275,7.12912400
75.28004275,7.12912400
75.32004275,8.89309300
75.36004275,8.89309300
75.40004275,10.65706000
75.44004275,10.65706000
75.48004275,14.18500000
75.52004275,14.18500000
75.56004275,15.94897000
75.60004275,15.94897000
75.64004274,17.71294000
75.68004274,19.47691000
75.72004274,19.47691000
75.76004274,21.24088000
75.80004274,23.00485000
75.84004274,23.00485000
75.88004274,24.76882000
75.92004274,26.53279000
75.96004274,26.53279000
76.00004274,28.29676000
76.04004274,30.06684000
76.08004274,30.06684000
76.12004274,30.06684000
76.16004274,31.83080000
76.20004274,33.59477000
76.24004274,35.35874000
76.28004274,37.12271000
76.32004274,37.12271000
76.36004274,37.12271000
76.40004274,38.88668000
76.44004274,38.88668000
76.48004274,40.65065000
76.52004274,42.41463000
76.56004274,44.17860000
76.60004274,44.17860000
76.64004274,44.17860000
76.68004274,47.70654000
76.72004274,49.47050000
76.76004274,49.47050000
76.80004274,51.23447000
76.84004274,51.23447000
76.88004274,52.99844000
76.92004274,52.99844000
76.96004274,54.76241000
77.00004274,56.52638000
77.04004274,56.52638000
77.08004274,58.29646000
77.12004274,58.29646000
77.16004274,58.29646000
77.20004274,60.06042000
77.24004274,61.82440000
77.28004273,63.58836000
77.32004273,63.58836000
77.36004273,65.35233000
77.40004273,65.35233000
77.44004273,67.11631000
77.48004273,67.11631000
77.52004273,67.11631000
77.56004273,70.64425000
77.60004273,70.64425000
77.64004273,72.40822000
77.68004273,72.40822000
77.72004273,72.40822000
77.76004273,74.17219000
77.80004273,75.93616000
77.84004273,75.93616000
77.88004273,77.70013000
77.92004273,77.70013000
77.96004273,79.46410000
78.00004273,79.46410000
78.04004273,79.46410000
78.08004273,81.22807000
78.12004273,81.22807000
78.16004273,82.99203000
78.20004273,84.75600000
78.24004273,84.75600000
78.28004273,86.52608000
78.32004273,86.52608000
78.36004273,86.52608000
78.40004273,88.29005000
78.44004273,88.29005000
78.48004273,90.05402000
78.52004273,91.81799000
78.56004273,91.81799000
78.60004273,93.58195000
78.64004273,93.58195000
78.68004273,93.58195000
78.72004273,93.58195000
78.76004273,95.34592000
78.80004273,95.34592000
78.84004273,95.34592000
78.88004273,98.87386000
78.92004272,98.87386000
78.96004272,98.87386000
79.00004272,98.87386000
79.04004272,100.63780000
79.08004272,100.63780000
79.12004272,100.63780000
79.16004272,102.40180000
79.20004272,102.40180000
79.24004272,104.16580000
79.28004272,105.92970000
79.32004272,104.16580000
79.36004272,105.92970000
79.40004272,105.92970000
79.44004272,107.69370000
79.48004272,107.69370000
79.52004272,107.69370000
79.56004272,107.69370000
79.60004272,109.45770000
79.64004272,109.45770000
79.68004272,109.45770000
79.72004272,109.45770000
79.76004272,109.45770000
79.80004272,112.98560000
79.84004272,112.98560000
79.88004272,112.98560000
79.92004272,112.98560000
79.96004272,114.75570000
80.00004272,114.75570000
80.04004272,114.75570000
80.08004272,114.75570000
80.12004272,114.75570000
80.16004272,114.75570000
80.20004272,114.75570000
80.24004272,114.75570000
80.28004272,116.51970000
80.32004272,116.51970000
80.36004272,116.51970000
80.40004272,116.51970000
80.44004272,118.28360000
80.48004272,118.28360000
80.52004272,118.28360000
80.56004271,120.04760000
80.60004271,118.28360000
80.64004271,120.04760000
80.68004271,120.04760000
80.72004271,120.04760000
80.76004271,120.04760000
80.80004271,120.04760000
80.84004271,120.04760000
80.88004271,120.04760000
80.92004271,120.04760000
80.96004271,120.04760000
81.00004271,120.04760000
81.04004271,121.81160000
81.08004271,121.81160000
81.12004271,121.81160000
81.16004271,121.81160000
81.20004271,121.81160000
81.24004271,121.81160000
81.28004271,121.81160000
81.32004271,121.81160000
81.36004271,121.81160000
81.40004271,121.81160000
81.44004271,121.81160000
81.48004271,121.81160000
81.52004271,121.81160000
81.56004271,121.81160000
81.60004271,121.81160000
81.64004271,121.81160000
81.68004271,121.81160000
81.72004271,121.81160000
81.76004271,121.81160000
81.80004271,121.81160000
81.84004271,120.04760000
81.88004271,121.81160000
81.92004271,120.04760000
81.96004271,120.04760000
82.00004271,121.81160000
82.04004271,121.81160000
82.08004271,121.81160000
82.12004271,120.04760000
82.16004271,120.04760000
82.20004270,120.04760000
82.24004270,120.04760000
82.28004270,120.04760000
82.32004270,120.04760000
82.36004270,120.04760000
82.40004270,120.04760000
82.44004270,118.28360000
82.48004270,118.28360000
82.52004270,118.28360000
82.56004270,118.28360000
82.60004270,116.51970000
82.64004270,116.51970000
82.68004270,116.51970000
82.72004270,116.51970000
82.76004270,114.75570000
82.80004270,114.75570000
82.84004270,114.75570000
82.88004270,114.75570000
82.92004270,114.75570000
82.96004270,114.75570000
83.00004270,112.98560000
83.04004270,114.75570000
83.08004270,112.98560000
83.12004270,112.98560000
83.16004270,112.98560000
83.20004270,112.98560000
83.24004270,111.22170000
83.28004270,111.22170000
83.32004270,109.45770000
83.36004270,109.45770000
83.40004270,109.45770000
83.44004270,107.69370000
83.48004270,107.69370000
83.52004270,107.69370000
83.56004270,107.69370000
83.60004270,105.92970000
83.64004270,105.92970000
83.68004270,105.92970000
83.72004270,105.92970000
83.76004270,104.16580000
83.80004270,102.40180000
83.84004270,102.40180000
83.88004269,100.63780000
83.92004269,100.63780000
83.96004269,100.63780000
84.00004269,98.87386000
84.04004269,98.87386000
84.08004269,98.87386000
84.12004269,97.10989000
84.16004269,95.34592000
84.20004269,95.34592000
84.24004269,95.34592000
84.28004269,93.58195000
84.32004269,93.58195000
84.36004269,93.58195000
84.40004269,91.81799000
84.44004269,91.81799000
84.48004269,91.81799000
84.52004269,90.05402000
84.56004269,90.05402000
84.60004269,88.29005000
84.64004269,86.52608000
84.68004269,86.52608000
84.72004269,86.52608000
84.76004269,86.52608000
84.80004269,84.75600000
84.84004269,84.75600000
84.88004269,82.99203000
84.92004269,81.22807000
84.96004269,79.46410000
85.00004269,79.46410000
85.04004269,79.46410000
85.08004269,77.70013000
85.12004269,77.70013000
85.16004269,75.93616000
85.20004269,75.93616000
85.24004269,74.17219000
85.28004269,74.17219000
85.32004269,72.40822000
85.36004269,72.40822000
85.40004269,70.64425000
85.44004269,70.64425000
85.48004269,68.88028000
85.52004268,67.11631000
85.56004268,65.35233000
85.60004268,65.35233000
85.64004268,65.35233000
85.68004268,65.35233000
85.72004268,63.58836000
85.76004268,63.58836000
85.80004268,60.06042000
85.84004268,60.06042000
85.88004268,58.29646000
85.92004268,58.29646000
85.96004268,58.29646000
86.00004268,56.52638000
86.04004268,54.76241000
86.08004268,54.76241000
86.12004268,52.99844000
86.16004268,51.23447000
86.20004268,51.23447000
86.24004268,49.47050000
86.28004268,49.47050000
86.32004268,45.94257000
86.36004268,45.94257000
86.40004268,44.17860000
86.44004268,44.17860000
86.48004268,42.41463000
86.52004268,42.41463000
86.56004268,38.88668000
86.60004268,38.88668000
86.64004268,37.12271000
86.68004268,37.12271000
86.72004268,37.12271000
86.76004268,35.35874000
86.80004268,33.59477000
86.84004268,31.83080000
86.88004268,31.83080000
86.92004268,30.06684000
86.96004268,30.06684000
87.00004268,30.06684000
87.04004268,28.29676000
87.08004268,28.29676000
87.12004268,24.76882000
87.16004267,24.76882000
87.20004267,23.00485000
87.24004267,21.24088000
87.28004267,21.24088000
87.32004267,19.47691000
87.36004267,17.71294000
87.40004267,15.94897000
87.44004267,15.94897000
87.48004267,15.94897000
87.52004267,14.18500000
87.56004267,10.65706000
87.60004267,10.65706000
87.64004267,8.89309300
87.68004267,8.89309300
87.72004267,8.89309300
87.76004267,7.12912400
87.80004267,5.36515400
87.84004267,3.60118400
87.88004267,1.83721400
87.92004267,1.83721400
87.96004267,1.83721400
88.00004267,0.07324442
88.04004267,-1.69072500
88.08004267,-3.45469500
88.12004267,-3.45469500
88.16004267,-5.21866500
88.20004267,-5.21866500
88.24004267,-6.98263500
88.28004267,-6.98263500
88.32004267,-10.51057000
88.36004267,-12.27454000
88.40004267,-12.27454000
88.44004267,-12.27454000
88.48004267,-14.03851000
88.52004267,-14.03851000
88.56004267,-17.56645000
88.60004267,-19.33042000
88.64004267,-19.33042000
88.68004267,-19.33042000
88.72004267,-21.09439000
88.76004267,-22.85836000
88.80004266,-22.85836000
88.84004266,-24.62233000
88.88004266,-26.39241000
88.92004266,-26.39241000
88.96004266,-26.39241000
89.00004266,-28.15638000
89.04004266,-29.92035000
89.08004266,-31.68431000
89.12004266,-33.44828000
89.16004266,-33.44828000
89.20004266,-33.44828000
89.24004266,-35.21225000
89.28004266,-36.97623000
89.32004266,-38.74020000
89.36004266,-38.74020000
89.40004266,-40.50417000
89.44004266,-40.50417000
89.48004266,-42.26814000
89.52004266,-42.26814000
89.56004266,-44.03210000
89.60004266,-45.79607000
89.64004266,-47.56004000
89.68004266,-47.56004000
89.72004266,-47.56004000
89.76004266,-49.32401000
89.80004266,-49.32401000
89.84004266,-51.08798000
89.88004266,-51.08798000
89.92004266,-54.62203000
89.96004266,-54.62203000
90.00004266,-56.38600000
90.04004266,-56.38600000
90.08004266,-56.38600000
90.12004266,-56.38600000
90.16004266,-59.91394000
90.20004266,-59.91394000
90.24004266,-61.67791000
90.28004266,-61.67791000
90.32004266,-61.67791000
90.36004266,-63.44188000
90.40004266,-65.20585000
90.44004265,-65.20585000
90.48004265,-66.96982000
90.52004265,-68.73379000
90.56004265,-68.73379000
90.60004265,-68.73379000
90.64004265,-68.73379000
90.68004265,-70.49776000
90.72004265,-70.49776000
90.76004265,-74.02570000
90.80004265,-74.02570000
90.84004265,-75.78967000
90.88004265,-75.78967000
90.92004265,-75.78967000
90.96004265,-75.78967000
91.00004265,-77.55363000
91.04004265,-77.55363000
91.08004265,-79.31760000
91.12004265,-79.31760000
91.16004265,-81.08157000
91.20004265,-82.85165000
91.24004265,-81.08157000
91.28004265,-82.85165000
91.32004265,-82.85165000
91.36004265,-82.85165000
91.40004265,-84.61562000
91.44004265,-84.61562000
91.48004265,-86.37959000
91.52004265,-88.14356000
91.56004265,-88.14356000
91.60004265,-88.14356000
91.64004265,-89.90753000
91.68004265,-89.90753000
91.72004265,-89.90753000
91.76004265,-89.90753000
91.80004265,-91.67150000
91.84004265,-91.67150000
91.88004265,-91.67150000
91.92004265,-93.43547000
91.96004265,-93.43547000
92.00004265,-93.43547000
92.04004265,-95.19944000
92.08004264,-96.96341000
92.12004264,-96.96341000
92.16004264,-96.96341000
92.20004264,-96.96341000
92.24004264,-96.96341000
92.28004264,-98.72738000
92.32004264,-98.72738000
92.36004264,-98.72738000
92.40004264,-98.72738000
92.44004264,-98.72738000
92.48004264,-100.49130000
92.52004264,-102.25530000
92.56004264,-102.25530000
92.60004264,-102.25530000
92.64004264,-102.25530000
92.68004264,-104.01930000
92.72004264,-104.01930000
92.76004264,-104.01930000
92.80004264,-104.01930000
92.84004264,-104.01930000
92.88004264,-104.01930000
92.92004264,-104.01930000
92.96004264,-104.01930000
93.00004264,-104.01930000
93.04004264,-105.78330000
93.08004264,-105.78330000
93.12004264,-105.78330000
93.16004264,-105.78330000
93.20004264,-105.78330000
93.24004264,-105.78330000
93.28004264,-105.78330000
93.32004264,-105.78330000
93.36004264,-107.54720000
93.40004264,-107.54720000
93.44004264,-107.54720000
93.48004264,-107.54720000
93.52004264,-107.54720000
93.56004264,-109.31120000
93.60004264,-109.31120000
93.64004264,-109.31120000
93.68004264,-109.31120000
93.72004263,-109.31120000
93.76004263,-109.31120000
93.80004263,-109.31120000
93.84004263,-109.31120000
93.88004263,-109.31120000
93.92004263,-109.31120000
93.96004263,-109.31120000
94.00004263,-109.31120000
94.04004263,-109.31120000
94.08004263,-109.31120000
94.12004263,-109.31120000
94.16004263,-109.31120000
94.20004263,-109.31120000
94.24004263,-109.31120000
94.28004263,-109.31120000
94.32004263,-109.31120000
94.36004263,-107.54720000
94.40004263,-109.31120000
94.44004263,-109.31120000
94.48004263,-107.54720000
94.52004263,-107.54720000
94.56004263,-107.54720000
94.60004263,-107.54720000
94.64004263,-107.54720000
94.68004263,-107.54720000
94.72004263,-105.78330000
94.76004263,-107.54720000
94.80004263,-105.78330000
94.84004263,-105.78330000
94.88004263,-105.78330000
94.92004263,-105.78330000
94.96004263,-105.78330000
95.00004263,-105.78330000
95.04004263,-104.01930000
95.08004263,-104.01930000
95.12004263,-104.01930000
95.16004263,-104.01930000
95.20004263,-104.01930000
95.24004263,-104.01930000
95.28004263,-104.01930000
95.32004263,-102.25530000
95.36004263,-104.01930000
95.40004262,-102.25530000
95.44004262,-102.25530000
95.48004262,-102.25530000
95.52004262,-98.72738000
95.56004262,-98.72738000
95.60004262,-98.72738000
95.64004262,-98.72738000
95.68004262,-98.72738000
95.72004262,-98.72738000
95.76004262,-96.96341000
95.80004262,-96.96341000
95.84004262,-96.96341000
95.88004262,-96.96341000
95.92004262,-95.19944000
95.96004262,-95.19944000
96.00004262,-95.19944000
96.04004262,-95.19944000
96.08004262,-93.43547000
96.12004262,-91.67150000
96.16004262,-91.67150000
96.20004262,-91.67150000
96.24004262,-91.67150000
96.28004262,-89.90753000
96.32004262,-89.90753000
96.36004262,-89.90753000
96.40004262,-89.90753000
96.44004262,-88.14356000
96.48004262,-88.14356000
96.52004262,-86.37959000
96.56004262,-84.61562000
96.60004262,-84.61562000
96.64004262,-84.61562000
96.68004262,-84.61562000
96.72004262,-84.61562000
96.76004262,-81.08157000
96.80004262,-81.08157000
96.84004262,-81.08157000
96.88004262,-81.08157000
96.92004262,-79.31760000
96.96004262,-77.55363000
97.00004262,-77.55363000
97.04004261,-77.55363000
97.08004261,-75.78967000
97.12004261,-75.78967000
97.16004261,-75.78967000
97.20004261,-74.02570000
97.24004261,-72.26173000
97.28004261,-70.49776000
97.32004261,-70.49776000
97.36004261,-70.49776000
97.40004261,-68.73379000
97.44004261,-68.73379000
97.48004261,-66.96982000
97.52004261,-66.96982000
97.56004261,-65.20585000
97.60004261,-65.20585000
97.64004261,-63.44188000
97.68004261,-63.44188000
97.72004261,-61.67791000
97.76004261,-61.67791000
97.80004261,-61.67791000
97.84004261,-59.91394000
97.88004261,-58.14997000
97.92004261,-56.38600000
97.96004261,-56.38600000
98.00004261,-54.62203000
98.04004261,-54.62203000
98.08004261,-54.62203000
98.12004261,-52.85195000
98.16004261,-51.08798000
98.20004261,-51.08798000
98.24004261,-49.32401000
98.28004261,-47.56004000
98.32004261,-47.56004000
98.36004261,-47.56004000
98.40004261,-45.79607000
98.44004261,-44.03210000
98.48004261,-42.26814000
98.52004261,-42.26814000
98.56004261,-40.50417000
98.60004261,-40.50417000
98.64004261,-40.50417000
98.68004260,-38.74020000
98.72004260,-36.97623000
98.76004260,-35.21225000
98.80004260,-35.21225000
98.84004260,-33.44828000
98.88004260,-33.44828000
98.92004260,-33.44828000
98.96004260,-29.92035000
99.00004260,-28.15638000
99.04004260,-28.15638000
99.08004260,-26.39241000
99.12004260,-26.39241000
99.16004260,-24.62233000
99.20004260,-22.85836000
99.24004260,-22.85836000
99.28004260,-21.09439000
99.32004260,-21.09439000
99.36004260,-19.33042000
99.40004260,-17.56645000
99.44004260,-17.56645000
99.48004260,-15.80248000
99.52004260,-14.03851000
99.56004260,-14.03851000
99.60004260,-12.27454000
99.64004260,-12.27454000
99.68004260,-10.51057000
99.72004260,-8.74660500
99.76004260,-6.98263500
99.80004260,-6.98263500
99.84004260,-5.21866500
99.88004260,-5.21866500
99.92004260,-3.45469500
99.96004260,-3.45469500
100.00004260,0.07324442
