Time,Channel B
(us),(mV)

-100.11397535,-3.10068000
-100.07397535,-3.10068000
-100.03397535,-2.20954000
-99.99397535,-1.31840000
-99.95397535,-0.42725910
-99.91397535,0.46388130
-99.87397535,0.46388130
-99.83397535,1.35502200
-99.79397535,2.24616200
-99.75397535,3.13730300
-99.71397535,4.02844300
-99.67397535,4.02844300
-99.63397535,4.91958400
-99.59397535,4.91958400
-99.55397535,6.70491600
-99.51397535,6.70491600
-99.47397535,7.59605700
-99.43397535,7.59605700
-99.39397535,9.37833800
-99.35397535,9.37833800
-99.31397535,10.26948000
-99.27397535,11.16062000
-99.23397536,12.05481000
-99.19397536,12.05481000
-99.15397536,12.94595000
-99.11397536,14.72823000
-99.07397536,14.72823000
-99.03397536,14.72823000
-98.99397536,15.61937000
-98.95397536,16.51051000
-98.91397536,17.40165000
-98.87397536,18.29585000
-98.83397536,18.29585000
-98.79397536,19.18699000
-98.75397536,20.07813000
-98.71397536,20.96927000
-98.67397536,21.86041000
-98.63397536,21.86041000
-98.59397536,21.86041000
-98.55397536,23.64574000
-98.51397536,24.53688000
-98.47397536,25.42802000
-98.43397536,25.42802000
-98.39397536,25.42802000
-98.35397536,26.31916000
-98.31397536,26.31916000
-98.27397536,28.10144000
-98.23397536,28.99564000
-98.19397536,28.99564000
-98.15397536,28.99564000
-98.11397536,29.88678000
-98.07397536,30.77792000
-98.03397536,31.66906000
-97.99397536,31.66906000
-97.95397536,32.56020000
-97.91397536,32.56020000
-97.87397536,33.45134000
-97.83397536,35.23667000
-97.79397536,35.23667000
-97.75397536,35.23667000
-97.71397536,35.23667000
-97.67397536,37.01895000
-97.63397536,37.91009000
-97.59397537,37.01895000
-97.55397537,38.80123000
-97.51397537,38.80123000
-97.47397537,39.69238000
-97.43397537,39.69238000
-97.39397537,40.58657000
-97.35397537,40.58657000
-97.31397537,41.47770000
-97.27397537,42.36885000
-97.23397537,42.36885000
-97.19397537,43.25999000
-97.15397537,43.25999000
-97.11397537,43.25999000
-97.07397537,44.15113000
-97.03397537,45.04227000
-96.99397537,45.04227000
-96.95397537,45.93341000
-96.91397537,45.93341000
-96.87397537,46.82760000
-96.83397537,46.82760000
-96.79397537,46.82760000
-96.75397537,47.71874000
-96.71397537,48.60988000
-96.67397537,49.50102000
-96.63397537,49.50102000
-96.59397537,49.50102000
-96.55397537,49.50102000
-96.51397537,50.39216000
-96.47397537,51.28331000
-96.43397537,52.17749000
-96.39397537,52.17749000
-96.35397537,53.06863000
-96.31397537,53.06863000
-96.27397537,53.06863000
-96.23397537,53.95978000
-96.19397537,53.95978000
-96.15397537,53.95978000
-96.11397537,53.95978000
-96.07397537,54.85092000
-96.03397537,55.74205000
-95.99397537,55.74205000
-95.95397538,55.74205000
-95.91397538,56.63320000
-95.87397538,56.63320000
-95.83397538,56.63320000
-95.79397538,56.63320000
-95.75397538,57.52739000
-95.71397538,57.52739000
-95.67397538,57.52739000
-95.63397538,57.52739000
-95.59397538,57.52739000
-95.55397538,58.41853000
-95.51397538,58.41853000
-95.47397538,58.41853000
-95.43397538,58.41853000
-95.39397538,60.20081000
-95.35397538,60.20081000
-95.31397538,60.20081000
-95.27397538,61.09195000
-95.23397538,59.30967000
-95.19397538,62.87423000
-95.15397538,60.20081000
-95.11397538,60.20081000
-95.07397538,61.98309000
-95.03397538,61.09195000
-94.99397538,61.09195000
-94.95397538,61.09195000
-94.91397538,61.09195000
-94.87397538,61.09195000
-94.83397538,61.98309000
-94.79397538,61.98309000
-94.75397538,61.98309000
-94.71397538,61.98309000
-94.67397538,61.98309000
-94.63397538,62.87423000
-94.59397538,62.87423000
-94.55397538,61.98309000
-94.51397538,61.98309000
-94.47397538,62.87423000
-94.43397538,62.87423000
-94.39397538,62.87423000
-94.35397538,62.87423000
-94.31397539,63.76843000
-94.27397539,61.98309000
-94.23397539,62.87423000
-94.19397539,63.76843000
-94.15397539,63.76843000
-94.11397539,63.76843000
-94.07397539,62.87423000
-94.03397539,63.76843000
-93.99397539,62.87423000
-93.95397539,63.76843000
-93.91397539,61.98309000
-93.87397539,62.87423000
-93.83397539,62.87423000
-93.79397539,61.98309000
-93.75397539,61.98309000
-93.71397539,62.87423000
-93.67397539,62.87423000
-93.63397539,62.87423000
-93.59397539,61.98309000
-93.55397539,61.09195000
-93.51397539,61.98309000
-93.47397539,61.98309000
-93.43397539,61.09195000
-93.39397539,61.09195000
-93.35397539,61.09195000
-93.31397539,61.09195000
-93.27397539,61.09195000
-93.23397539,61.09195000
-93.19397539,61.09195000
-93.15397539,60.20081000
-93.11397539,61.09195000
-93.07397539,60.20081000
-93.03397539,60.20081000
-92.99397539,60.20081000
-92.95397539,60.20081000
-92.91397539,59.30967000
-92.87397539,59.30967000
-92.83397539,59.30967000
-92.79397539,58.41853000
-92.75397539,58.41853000
-92.71397539,58.41853000
-92.67397540,57.52739000
-92.63397540,57.52739000
-92.59397540,57.52739000
-92.55397540,57.52739000
-92.51397540,56.63320000
-92.47397540,56.63320000
-92.43397540,56.63320000
-92.39397540,56.63320000
-92.35397540,54.85092000
-92.31397540,54.85092000
-92.27397540,54.85092000
-92.23397540,53.95978000
-92.19397540,53.95978000
-92.15397540,53.95978000
-92.11397540,53.95978000
-92.07397540,53.95978000
-92.03397540,53.06863000
-91.99397540,53.06863000
-91.95397540,52.17749000
-91.91397540,52.17749000
-91.87397540,51.28331000
-91.83397540,50.39216000
-91.79397540,50.39216000
-91.75397540,50.39216000
-91.71397540,49.50102000
-91.67397540,49.50102000
-91.63397540,48.60988000
-91.59397540,48.60988000
-91.55397540,48.60988000
-91.51397540,47.71874000
-91.47397540,46.82760000
-91.43397540,46.82760000
-91.39397540,46.82760000
-91.35397540,45.93341000
-91.31397540,45.04227000
-91.27397540,45.04227000
-91.23397540,44.15113000
-91.19397540,43.25999000
-91.15397540,43.25999000
-91.11397540,42.36885000
-91.07397540,42.36885000
-91.03397540,42.36885000
-90.99397541,40.58657000
-90.95397541,40.58657000
-90.91397541,39.69238000
-90.87397541,39.69238000
-90.83397541,39.69238000
-90.79397541,38.80123000
-90.75397541,37.91009000
-90.71397541,37.01895000
-90.67397541,37.01895000
-90.63397541,37.01895000
-90.59397541,36.12781000
-90.55397541,35.23667000
-90.51397541,35.23667000
-90.47397541,33.45134000
-90.43397541,33.45134000
-90.39397541,32.56020000
-90.35397541,32.56020000
-90.31397541,32.56020000
-90.27397541,31.66906000
-90.23397541,29.88678000
-90.19397541,30.77792000
-90.15397541,28.99564000
-90.11397541,28.99564000
-90.07397541,28.99564000
-90.03397541,28.10144000
-89.99397541,28.10144000
-89.95397541,26.31916000
-89.91397541,26.31916000
-89.87397541,25.42802000
-89.83397541,23.64574000
-89.79397541,23.64574000
-89.75397541,23.64574000
-89.71397541,21.86041000
-89.67397541,21.86041000
-89.63397541,20.96927000
-89.59397541,20.96927000
-89.55397541,19.18699000
-89.51397541,19.18699000
-89.47397541,18.29585000
-89.43397541,18.29585000
-89.39397541,17.40165000
-89.35397542,16.51051000
-89.31397542,16.51051000
-89.27397542,14.72823000
-89.23397542,14.72823000
-89.19397542,13.83709000
-89.15397542,13.83709000
-89.11397542,12.05481000
-89.07397542,12.05481000
-89.03397542,11.16062000
-88.99397542,10.26948000
-88.95397542,10.26948000
-88.91397542,9.37833800
-88.87397542,7.59605700
-88.83397542,7.59605700
-88.79397542,7.59605700
-88.75397542,6.70491600
-88.71397542,4.91958400
-88.67397542,4.02844300
-88.63397542,4.02844300
-88.59397542,3.13730300
-88.55397542,3.13730300
-88.51397542,2.24616200
-88.47397542,0.46388130
-88.43397542,0.46388130
-88.39397542,-0.42725910
-88.35397542,-0.42725910
-88.31397542,-2.20954000
-88.27397542,-2.20954000
-88.23397542,-3.10068000
-88.19397542,-3.10068000
-88.15397542,-3.99182100
-88.11397542,-5.77715400
-88.07397542,-6.66829400
-88.03397542,-6.66829400
-87.99397542,-6.66829400
-87.95397542,-7.55943400
-87.91397542,-9.34171500
-87.87397542,-10.23286000
-87.83397542,-10.23286000
-87.79397542,-11.12705000
-87.75397542,-12.01819000
-87.71397543,-12.90933000
-87.67397543,-13.80047000
-87.63397543,-13.80047000
-87.59397543,-14.69161000
-87.55397543,-15.58275000
-87.51397543,-16.47389000
-87.47397543,-17.36808000
-87.43397543,-17.36808000
-87.39397543,-18.25922000
-87.35397543,-20.04151000
-87.31397543,-20.04151000
-87.27397543,-20.93265000
-87.23397543,-20.93265000
-87.19397543,-21.82379000
-87.15397543,-22.71798000
-87.11397543,-23.60912000
-87.07397543,-24.50026000
-87.03397543,-25.39140000
-86.99397543,-26.28254000
-86.95397543,-24.50026000
-86.91397543,-27.17368000
-86.87397543,-28.06787000
-86.83397543,-28.95901000
-86.79397543,-28.95901000
-86.75397543,-28.95901000
-86.71397543,-30.74129000
-86.67397543,-30.74129000
-86.63397543,-31.63244000
-86.59397543,-32.52357000
-86.55397543,-32.52357000
-86.51397543,-34.30891000
-86.47397543,-35.20005000
-86.43397543,-35.20005000
-86.39397543,-36.09119000
-86.35397543,-36.09119000
-86.31397543,-36.98233000
-86.27397543,-37.87347000
-86.23397543,-38.76461000
-86.19397543,-38.76461000
-86.15397543,-39.65880000
-86.11397543,-40.54994000
-86.07397544,-41.44109000
-86.03397544,-42.33222000
-85.99397544,-42.33222000
-85.95397544,-42.33222000
-85.91397544,-43.22336000
-85.87397544,-44.11451000
-85.83397544,-45.00565000
-85.79397544,-45.89984000
-85.75397544,-45.89984000
-85.71397544,-46.79098000
-85.67397544,-46.79098000
-85.63397544,-47.68212000
-85.59397544,-49.46440000
-85.55397544,-49.46440000
-85.51397544,-49.46440000
-85.47397544,-49.46440000
-85.43397544,-50.35554000
-85.39397544,-51.24973000
-85.35397544,-52.14087000
-85.31397544,-53.03201000
-85.27397544,-53.03201000
-85.23397544,-53.92315000
-85.19397544,-53.92315000
-85.15397544,-54.81429000
-85.11397544,-55.70544000
-85.07397544,-56.59963000
-85.03397544,-56.59963000
-84.99397544,-56.59963000
-84.95397544,-57.49076000
-84.91397544,-58.38191000
-84.87397544,-59.27305000
-84.83397544,-59.27305000
-84.79397544,-60.16419000
-84.75397544,-60.16419000
-84.71397544,-61.05533000
-84.67397544,-61.05533000
-84.63397544,-61.94647000
-84.59397544,-61.94647000
-84.55397544,-63.73180000
-84.51397544,-63.73180000
-84.47397544,-63.73180000
-84.43397545,-64.62294000
-84.39397545,-64.62294000
-84.35397545,-64.62294000
-84.31397545,-66.40523000
-84.27397545,-66.40523000
-84.23397545,-67.29636000
-84.19397545,-67.29636000
-84.15397545,-67.29636000
-84.11397545,-67.29636000
-84.07397545,-68.19056000
-84.03397545,-68.19056000
-83.99397545,-68.19056000
-83.95397545,-69.97284000
-83.91397545,-69.97284000
-83.87397545,-70.86398000
-83.83397545,-69.97284000
-83.79397545,-70.86398000
-83.75397545,-70.86398000
-83.71397545,-71.75512000
-83.67397545,-71.75512000
-83.63397545,-71.75512000
-83.59397545,-71.75512000
-83.55397545,-73.53740000
-83.51397545,-73.53740000
-83.47397545,-74.43159000
-83.43397545,-74.43159000
-83.39397545,-74.43159000
-83.35397545,-74.43159000
-83.31397545,-74.43159000
-83.27397545,-75.32274000
-83.23397545,-75.32274000
-83.19397545,-76.21387000
-83.15397545,-75.32274000
-83.11397545,-76.21387000
-83.07397545,-76.21387000
-83.03397545,-77.10501000
-82.99397545,-77.99615000
-82.95397545,-77.99615000
-82.91397545,-77.99615000
-82.87397545,-77.10501000
-82.83397545,-77.99615000
-82.79397546,-77.99615000
-82.75397546,-78.88729000
-82.71397546,-78.88729000
-82.67397546,-77.99615000
-82.63397546,-78.88729000
-82.59397546,-78.88729000
-82.55397546,-78.88729000
-82.51397546,-78.88729000
-82.47397546,-78.88729000
-82.43397546,-80.67262000
-82.39397546,-78.88729000
-82.35397546,-79.78149000
-82.31397546,-79.78149000
-82.27397546,-80.67262000
-82.23397546,-80.67262000
-82.19397546,-80.67262000
-82.15397546,-80.67262000
-82.11397546,-80.67262000
-82.07397546,-81.56377000
-82.03397546,-80.67262000
-81.99397546,-81.56377000
-81.95397546,-80.67262000
-81.91397546,-80.67262000
-81.87397546,-81.56377000
-81.83397546,-81.56377000
-81.79397546,-81.56377000
-81.75397546,-81.56377000
-81.71397546,-81.56377000
-81.67397546,-81.56377000
-81.63397546,-81.56377000
-81.59397546,-81.56377000
-81.55397546,-81.56377000
-81.51397546,-80.67262000
-81.47397546,-81.56377000
-81.43397546,-81.56377000
-81.39397546,-81.56377000
-81.35397546,-81.56377000
-81.31397546,-80.67262000
-81.27397546,-80.67262000
-81.23397546,-80.67262000
-81.19397546,-79.78149000
-81.15397547,-80.67262000
-81.11397547,-80.67262000
-81.07397547,-79.78149000
-81.03397547,-78.88729000
-80.99397547,-78.88729000
-80.95397547,-80.67262000
-80.91397547,-79.78149000
-80.87397547,-78.88729000
-80.83397547,-78.88729000
-80.79397547,-78.88729000
-80.75397547,-78.88729000
-80.71397547,-78.88729000
-80.67397547,-78.88729000
-80.63397547,-77.99615000
-80.59397547,-77.99615000
-80.55397547,-77.99615000
-80.51397547,-77.99615000
-80.47397547,-77.99615000
-80.43397547,-77.99615000
-80.39397547,-77.10501000
-80.35397547,-77.10501000
-80.31397547,-77.10501000
-80.27397547,-77.99615000
-80.23397547,-75.32274000
-80.19397547,-75.32274000
-80.15397547,-77.99615000
-80.11397547,-75.32274000
-80.07397547,-75.32274000
-80.03397547,-74.43159000
-79.99397547,-74.43159000
-79.95397547,-74.43159000
-79.91397547,-74.43159000
-79.87397547,-74.43159000
-79.83397547,-73.53740000
-79.79397547,-73.53740000
-79.75397547,-73.53740000
-79.71397547,-72.64626000
-79.67397547,-71.75512000
-79.63397547,-71.75512000
-79.59397547,-71.75512000
-79.55397547,-70.86398000
-79.51397548,-70.86398000
-79.47397548,-70.86398000
-79.43397548,-70.86398000
-79.39397548,-69.97284000
-79.35397548,-69.97284000
-79.31397548,-68.19056000
-79.27397548,-68.19056000
-79.23397548,-68.19056000
-79.19397548,-67.29636000
-79.15397548,-67.29636000
-79.11397548,-67.29636000
-79.07397548,-67.29636000
-79.03397548,-66.40523000
-78.99397548,-65.51408000
-78.95397548,-64.62294000
-78.91397548,-64.62294000
-78.87397548,-64.62294000
-78.83397548,-63.73180000
-78.79397548,-63.73180000
-78.75397548,-63.73180000
-78.71397548,-61.94647000
-78.67397548,-61.05533000
-78.63397548,-61.05533000
-78.59397548,-60.16419000
-78.55397548,-60.16419000
-78.51397548,-60.16419000
-78.47397548,-60.16419000
-78.43397548,-59.27305000
-78.39397548,-58.38191000
-78.35397548,-57.49076000
-78.31397548,-56.59963000
-78.27397548,-56.59963000
-78.23397548,-56.59963000
-78.19397548,-54.81429000
-78.15397548,-54.81429000
-78.11397548,-53.92315000
-78.07397548,-53.92315000
-78.03397548,-53.03201000
-77.99397548,-53.03201000
-77.95397548,-52.14087000
-77.91397548,-50.35554000
-77.87397548,-50.35554000
-77.83397549,-50.35554000
-77.79397549,-49.46440000
-77.75397549,-49.46440000
-77.71397549,-48.57326000
-77.67397549,-47.68212000
-77.63397549,-46.79098000
-77.59397549,-45.89984000
-77.55397549,-45.89984000
-77.51397549,-45.89984000
-77.47397549,-45.00565000
-77.43397549,-44.11451000
-77.39397549,-43.22336000
-77.35397549,-42.33222000
-77.31397549,-42.33222000
-77.27397549,-41.44109000
-77.23397549,-41.44109000
-77.19397549,-40.54994000
-77.15397549,-39.65880000
-77.11397549,-38.76461000
-77.07397549,-38.76461000
-77.03397549,-37.87347000
-76.99397549,-36.98233000
-76.95397549,-36.98233000
-76.91397549,-36.09119000
-76.87397549,-35.20005000
-76.83397549,-34.30891000
-76.79397549,-33.41471000
-76.75397549,-32.52357000
-76.71397549,-31.63244000
-76.67397549,-31.63244000
-76.63397549,-30.74129000
-76.59397549,-29.85015000
-76.55397549,-28.95901000
-76.51397549,-28.06787000
-76.47397549,-28.06787000
-76.43397549,-28.06787000
-76.39397549,-27.17368000
-76.35397549,-25.39140000
-76.31397549,-25.39140000
-76.27397549,-24.50026000
-76.23397549,-24.50026000
-76.19397550,-23.60912000
-76.15397550,-21.82379000
-76.11397550,-21.82379000
-76.07397550,-20.93265000
-76.03397550,-20.93265000
-75.99397550,-20.04151000
-75.95397550,-18.25922000
-75.91397550,-18.25922000
-75.87397550,-17.36808000
-75.83397550,-17.36808000
-75.79397550,-16.47389000
-75.75397550,-15.58275000
-75.71397550,-14.69161000
-75.67397550,-13.80047000
-75.63397550,-12.90933000
-75.59397550,-12.90933000
-75.55397550,-11.12705000
-75.51397550,-11.12705000
-75.47397550,-10.23286000
-75.43397550,-9.34171500
-75.39397550,-9.34171500
-75.35397550,-7.55943400
-75.31397550,-7.55943400
-75.27397550,-6.66829400
-75.23397550,-5.77715400
-75.19397550,-4.88296100
-75.15397550,-3.99182100
-75.11397550,-3.10068000
-75.07397550,-2.20954000
-75.03397550,-2.20954000
-74.99397550,-2.20954000
-74.95397550,-0.42725910
-74.91397550,-0.42725910
-74.87397550,0.46388130
-74.83397550,1.35502200
-74.79397550,1.35502200
-74.75397550,3.13730300
-74.71397550,3.13730300
-74.67397550,4.02844300
-74.63397550,4.91958400
-74.59397550,4.91958400
-74.55397551,6.70491600
-74.51397551,7.59605700
-74.47397551,7.59605700
-74.43397551,8.48719700
-74.39397551,9.37833800
-74.35397551,10.26948000
-74.31397551,11.16062000
-74.27397551,11.16062000
-74.23397551,12.05481000
-74.19397551,12.05481000
-74.15397551,13.83709000
-74.11397551,14.72823000
-74.07397551,14.72823000
-74.03397551,14.72823000
-73.99397551,15.61937000
-73.95397551,17.40165000
-73.91397551,17.40165000
-73.87397551,18.29585000
-73.83397551,18.29585000
-73.79397551,19.18699000
-73.75397551,19.18699000
-73.71397551,20.96927000
-73.67397551,21.86041000
-73.63397551,21.86041000
-73.59397551,22.75155000
-73.55397551,23.64574000
-73.51397551,24.53688000
-73.47397551,24.53688000
-73.43397551,25.42802000
-73.39397551,26.31916000
-73.35397551,26.31916000
-73.31397551,27.21030000
-73.27397551,28.10144000
-73.23397551,28.99564000
-73.19397551,28.99564000
-73.15397551,28.99564000
-73.11397551,29.88678000
-73.07397551,30.77792000
-73.03397551,31.66906000
-72.99397551,32.56020000
-72.95397551,32.56020000
-72.91397552,32.56020000
-72.87397552,34.34248000
-72.83397552,35.23667000
-72.79397552,35.23667000
-72.75397552,36.12781000
-72.71397552,36.12781000
-72.67397552,36.12781000
-72.63397552,36.12781000
-72.59397552,37.91009000
-72.55397552,38.80123000
-72.51397552,38.80123000
-72.47397552,38.80123000
-72.43397552,39.69238000
-72.39397552,40.58657000
-72.35397552,40.58657000
-72.31397552,39.69238000
-72.27397552,40.58657000
-72.23397552,45.04227000
-72.19397552,43.25999000
-72.15397552,43.25999000
-72.11397552,44.15113000
-72.07397552,44.15113000
-72.03397552,45.04227000
-71.99397552,45.93341000
-71.95397552,45.93341000
-71.91397552,46.82760000
-71.87397552,46.82760000
-71.83397552,46.82760000
-71.79397552,47.71874000
-71.75397552,47.71874000
-71.71397552,48.60988000
-71.67397552,49.50102000
-71.63397552,49.50102000
-71.59397552,50.39216000
-71.55397552,50.39216000
-71.51397552,50.39216000
-71.47397552,51.28331000
-71.43397552,52.17749000
-71.39397552,52.17749000
-71.35397552,53.06863000
-71.31397552,52.17749000
-71.27397553,53.95978000
-71.23397553,53.06863000
-71.19397553,53.95978000
-71.15397553,53.95978000
-71.11397553,54.85092000
-71.07397553,54.85092000
-71.03397553,54.85092000
-70.99397553,54.85092000
-70.95397553,55.74205000
-70.91397553,56.63320000
-70.87397553,56.63320000
-70.83397553,56.63320000
-70.79397553,57.52739000
-70.75397553,57.52739000
-70.71397553,57.52739000
-70.67397553,58.41853000
-70.63397553,57.52739000
-70.59397553,57.52739000
-70.55397553,59.30967000
-70.51397553,59.30967000
-70.47397553,58.41853000
-70.43397553,59.30967000
-70.39397553,60.20081000
-70.35397553,60.20081000
-70.31397553,60.20081000
-70.27397553,60.20081000
-70.23397553,60.20081000
-70.19397553,60.20081000
-70.15397553,61.09195000
-70.11397553,61.09195000
-70.07397553,61.09195000
-70.03397553,61.09195000
-69.99397553,61.09195000
-69.95397553,61.09195000
-69.91397553,61.09195000
-69.87397553,61.09195000
-69.83397553,61.98309000
-69.79397553,61.98309000
-69.75397553,61.98309000
-69.71397553,61.98309000
-69.67397553,61.98309000
-69.63397554,62.87423000
-69.59397554,61.98309000
-69.55397554,62.87423000
-69.51397554,62.87423000
-69.47397554,61.98309000
-69.43397554,62.87423000
-69.39397554,63.76843000
-69.35397554,63.76843000
-69.31397554,63.76843000
-69.27397554,63.76843000
-69.23397554,63.76843000
-69.19397554,61.98309000
-69.15397554,63.76843000
-69.11397554,63.76843000
-69.07397554,63.76843000
-69.03397554,63.76843000
-68.99397554,62.87423000
-68.95397554,63.76843000
-68.91397554,62.87423000
-68.87397554,62.87423000
-68.83397554,61.98309000
-68.79397554,62.87423000
-68.75397554,61.98309000
-68.71397554,62.87423000
-68.67397554,62.87423000
-68.63397554,62.87423000
-68.59397554,61.98309000
-68.55397554,61.98309000
-68.51397554,61.09195000
-68.47397554,61.98309000
-68.43397554,61.98309000
-68.39397554,61.09195000
-68.35397554,61.09195000
-68.31397554,61.09195000
-68.27397554,61.09195000
-68.23397554,61.09195000
-68.19397554,61.09195000
-68.15397554,61.09195000
-68.11397554,61.09195000
-68.07397554,60.20081000
-68.03397554,60.20081000
-67.99397555,61.09195000
-67.95397555,60.20081000
-67.91397555,59.30967000
-67.87397555,58.41853000
-67.83397555,59.30967000
-67.79397555,59.30967000
-67.75397555,58.41853000
-67.71397555,58.41853000
-67.67397555,57.52739000
-67.63397555,57.52739000
-67.59397555,57.52739000
-67.55397555,57.52739000
-67.51397555,57.52739000
-67.47397555,56.63320000
-67.43397555,56.63320000
-67.39397555,56.63320000
-67.35397555,56.63320000
-67.31397555,54.85092000
-67.27397555,54.85092000
-67.23397555,54.85092000
-67.19397555,53.95978000
-67.15397555,53.95978000
-67.11397555,53.95978000
-67.07397555,53.95978000
-67.03397555,53.06863000
-66.99397555,53.06863000
-66.95397555,53.06863000
-66.91397555,52.17749000
-66.87397555,51.28331000
-66.83397555,50.39216000
-66.79397555,50.39216000
-66.75397555,49.50102000
-66.71397555,50.39216000
-66.67397555,49.50102000
-66.63397555,48.60988000
-66.59397555,48.60988000
-66.55397555,47.71874000
-66.51397555,47.71874000
-66.47397555,46.82760000
-66.43397555,46.82760000
-66.39397555,45.93341000
-66.35397555,45.93341000
-66.31397556,45.04227000
-66.27397556,45.04227000
-66.23397556,44.15113000
-66.19397556,43.25999000
-66.15397556,43.25999000
-66.11397556,43.25999000
-66.07397556,43.25999000
-66.03397556,42.36885000
-65.99397556,40.58657000
-65.95397556,40.58657000
-65.91397556,40.58657000
-65.87397556,39.69238000
-65.83397556,38.80123000
-65.79397556,38.80123000
-65.75397556,38.80123000
-65.71397556,37.91009000
-65.67397556,37.01895000
-65.63397556,37.01895000
-65.59397556,36.12781000
-65.55397556,35.23667000
-65.51397556,35.23667000
-65.47397556,36.12781000
-65.43397556,32.56020000
-65.39397556,32.56020000
-65.35397556,32.56020000
-65.31397556,31.66906000
-65.27397556,31.66906000
-65.23397556,30.77792000
-65.19397556,29.88678000
-65.15397556,28.99564000
-65.11397556,28.99564000
-65.07397556,28.10144000
-65.03397556,28.10144000
-64.99397556,27.21030000
-64.95397556,26.31916000
-64.91397556,26.31916000
-64.87397556,25.42802000
-64.83397556,24.53688000
-64.79397556,24.53688000
-64.75397556,23.64574000
-64.71397556,22.75155000
-64.67397557,21.86041000
-64.63397557,20.96927000
-64.59397557,20.96927000
-64.55397557,19.18699000
-64.51397557,19.18699000
-64.47397557,18.29585000
-64.43397557,18.29585000
-64.39397557,17.40165000
-64.35397557,16.51051000
-64.31397557,16.51051000
-64.27397557,14.72823000
-64.23397557,14.72823000
-64.19397557,13.83709000
-64.15397557,13.83709000
-64.11397557,12.05481000
-64.07397557,12.05481000
-64.03397557,11.16062000
-63.99397557,10.26948000
-63.95397557,10.26948000
-63.91397557,9.37833800
-63.87397557,8.48719700
-63.83397557,7.59605700
-63.79397557,6.70491600
-63.75397557,4.91958400
-63.71397557,5.81072400
-63.67397557,4.91958400
-63.63397557,4.02844300
-63.59397557,3.13730300
-63.55397557,3.13730300
-63.51397557,2.24616200
-63.47397557,0.46388130
-63.43397557,0.46388130
-63.39397557,0.46388130
-63.35397557,-0.42725910
-63.31397557,-1.31840000
-63.27397557,-2.20954000
-63.23397557,-3.10068000
-63.19397557,-3.99182100
-63.15397557,-3.99182100
-63.11397557,-5.77715400
-63.07397557,-6.66829400
-63.03397558,-6.66829400
-62.99397558,-7.55943400
-62.95397558,-7.55943400
-62.91397558,-9.34171500
-62.87397558,-9.34171500
-62.83397558,-10.23286000
-62.79397558,-11.12705000
-62.75397558,-11.12705000
-62.71397558,-12.90933000
-62.67397558,-13.80047000
-62.63397558,-13.80047000
-62.59397558,-13.80047000
-62.55397558,-15.58275000
-62.51397558,-16.47389000
-62.47397558,-16.47389000
-62.43397558,-17.36808000
-62.39397558,-18.25922000
-62.35397558,-18.25922000
-62.31397558,-20.04151000
-62.27397558,-20.93265000
-62.23397558,-20.93265000
-62.19397558,-21.82379000
-62.15397558,-21.82379000
-62.11397558,-23.60912000
-62.07397558,-24.50026000
-62.03397558,-24.50026000
-61.99397558,-24.50026000
-61.95397558,-26.28254000
-61.91397558,-27.17368000
-61.87397558,-28.06787000
-61.83397558,-28.06787000
-61.79397558,-28.06787000
-61.75397558,-28.95901000
-61.71397558,-29.85015000
-61.67397558,-31.63244000
-61.63397558,-31.63244000
-61.59397558,-32.52357000
-61.55397558,-32.52357000
-61.51397558,-33.41471000
-61.47397558,-34.30891000
-61.43397558,-35.20005000
-61.39397559,-36.09119000
-61.35397559,-36.09119000
-61.31397559,-37.87347000
-61.27397559,-37.87347000
-61.23397559,-38.76461000
-61.19397559,-38.76461000
-61.15397559,-39.65880000
-61.11397559,-40.54994000
-61.07397559,-40.54994000
-61.03397559,-42.33222000
-60.99397559,-42.33222000
-60.95397559,-43.22336000
-60.91397559,-43.22336000
-60.87397559,-44.11451000
-60.83397559,-45.00565000
-60.79397559,-45.89984000
-60.75397559,-45.89984000
-60.71397559,-46.79098000
-60.67397559,-46.79098000
-60.63397559,-47.68212000
-60.59397559,-48.57326000
-60.55397559,-48.57326000
-60.51397559,-49.46440000
-60.47397559,-49.46440000
-60.43397559,-50.35554000
-60.39397559,-51.24973000
-60.35397559,-52.14087000
-60.31397559,-53.03201000
-60.27397559,-53.03201000
-60.23397559,-53.03201000
-60.19397559,-54.81429000
-60.15397559,-55.70544000
-60.11397559,-54.81429000
-60.07397559,-56.59963000
-60.03397559,-56.59963000
-59.99397559,-57.49076000
-59.95397559,-57.49076000
-59.91397559,-59.27305000
-59.87397559,-59.27305000
-59.83397559,-59.27305000
-59.79397559,-60.16419000
-59.75397560,-60.16419000
-59.71397560,-60.16419000
-59.67397560,-61.05533000
-59.63397560,-61.05533000
-59.59397560,-61.94647000
-59.55397560,-63.73180000
-59.51397560,-63.73180000
-59.47397560,-63.73180000
-59.43397560,-64.62294000
-59.39397560,-63.73180000
-59.35397560,-64.62294000
-59.31397560,-65.51408000
-59.27397560,-66.40523000
-59.23397560,-66.40523000
-59.19397560,-67.29636000
-59.15397560,-67.29636000
-59.11397560,-67.29636000
-59.07397560,-68.19056000
-59.03397560,-68.19056000
-58.99397560,-69.08170000
-58.95397560,-69.08170000
-58.91397560,-69.97284000
-58.87397560,-69.97284000
-58.83397560,-70.86398000
-58.79397560,-70.86398000
-58.75397560,-70.86398000
-58.71397560,-71.75512000
-58.67397560,-71.75512000
-58.63397560,-72.64626000
-58.59397560,-73.53740000
-58.55397560,-72.64626000
-58.51397560,-73.53740000
-58.47397560,-74.43159000
-58.43397560,-74.43159000
-58.39397560,-74.43159000
-58.35397560,-74.43159000
-58.31397560,-74.43159000
-58.27397560,-75.32274000
-58.23397560,-75.32274000
-58.19397560,-75.32274000
-58.15397560,-76.21387000
-58.11397561,-76.21387000
-58.07397561,-76.21387000
-58.03397561,-76.21387000
-57.99397561,-77.10501000
-57.95397561,-77.10501000
-57.91397561,-77.10501000
-57.87397561,-77.10501000
-57.83397561,-77.99615000
-57.79397561,-77.99615000
-57.75397561,-77.99615000
-57.71397561,-77.99615000
-57.67397561,-77.99615000
-57.63397561,-78.88729000
-57.59397561,-77.99615000
-57.55397561,-78.88729000
-57.51397561,-78.88729000
-57.47397561,-78.88729000
-57.43397561,-78.88729000
-57.39397561,-80.67262000
-57.35397561,-78.88729000
-57.31397561,-82.45491000
-57.27397561,-80.67262000
-57.23397561,-78.88729000
-57.19397561,-79.78149000
-57.15397561,-80.67262000
-57.11397561,-80.67262000
-57.07397561,-80.67262000
-57.03397561,-80.67262000
-56.99397561,-80.67262000
-56.95397561,-81.56377000
-56.91397561,-81.56377000
-56.87397561,-80.67262000
-56.83397561,-80.67262000
-56.79397561,-80.67262000
-56.75397561,-80.67262000
-56.71397561,-81.56377000
-56.67397561,-81.56377000
-56.63397561,-80.67262000
-56.59397561,-81.56377000
-56.55397561,-81.56377000
-56.51397561,-80.67262000
-56.47397562,-80.67262000
-56.43397562,-80.67262000
-56.39397562,-81.56377000
-56.35397562,-80.67262000
-56.31397562,-80.67262000
-56.27397562,-80.67262000
-56.23397562,-80.67262000
-56.19397562,-80.67262000
-56.15397562,-80.67262000
-56.11397562,-80.67262000
-56.07397562,-80.67262000
-56.03397562,-79.78149000
-55.99397562,-79.78149000
-55.95397562,-78.88729000
-55.91397562,-79.78149000
-55.87397562,-78.88729000
-55.83397562,-78.88729000
-55.79397562,-78.88729000
-55.75397562,-78.88729000
-55.71397562,-77.99615000
-55.67397562,-77.99615000
-55.63397562,-77.99615000
-55.59397562,-77.99615000
-55.55397562,-77.99615000
-55.51397562,-77.99615000
-55.47397562,-77.99615000
-55.43397562,-77.99615000
-55.39397562,-77.10501000
-55.35397562,-77.10501000
-55.31397562,-77.10501000
-55.27397562,-76.21387000
-55.23397562,-76.21387000
-55.19397562,-76.21387000
-55.15397562,-76.21387000
-55.11397562,-75.32274000
-55.07397562,-75.32274000
-55.03397562,-74.43159000
-54.99397562,-74.43159000
-54.95397562,-74.43159000
-54.91397562,-74.43159000
-54.87397562,-73.53740000
-54.83397563,-74.43159000
-54.79397563,-73.53740000
-54.75397563,-72.64626000
-54.71397563,-72.64626000
-54.67397563,-71.75512000
-54.63397563,-71.75512000
-54.59397563,-71.75512000
-54.55397563,-70.86398000
-54.51397563,-70.86398000
-54.47397563,-70.86398000
-54.43397563,-69.97284000
-54.39397563,-69.08170000
-54.35397563,-69.97284000
-54.31397563,-68.19056000
-54.27397563,-68.19056000
-54.23397563,-68.19056000
-54.19397563,-67.29636000
-54.15397563,-67.29636000
-54.11397563,-67.29636000
-54.07397563,-66.40523000
-54.03397563,-66.40523000
-53.99397563,-65.51408000
-53.95397563,-64.62294000
-53.91397563,-64.62294000
-53.87397563,-64.62294000
-53.83397563,-63.73180000
-53.79397563,-63.73180000
-53.75397563,-62.84066000
-53.71397563,-61.94647000
-53.67397563,-61.94647000
-53.63397563,-61.05533000
-53.59397563,-60.16419000
-53.55397563,-60.16419000
-53.51397563,-60.16419000
-53.47397563,-59.27305000
-53.43397563,-58.38191000
-53.39397563,-57.49076000
-53.35397563,-57.49076000
-53.31397563,-56.59963000
-53.27397563,-56.59963000
-53.23397563,-55.70544000
-53.19397563,-55.70544000
-53.15397564,-54.81429000
-53.11397564,-53.03201000
-53.07397564,-52.14087000
-53.03397564,-53.03201000
-52.99397564,-53.03201000
-52.95397564,-52.14087000
-52.91397564,-50.35554000
-52.87397564,-50.35554000
-52.83397564,-50.35554000
-52.79397564,-49.46440000
-52.75397564,-49.46440000
-52.71397564,-47.68212000
-52.67397564,-47.68212000
-52.63397564,-46.79098000
-52.59397564,-46.79098000
-52.55397564,-45.89984000
-52.51397564,-45.89984000
-52.47397564,-45.00565000
-52.43397564,-45.00565000
-52.39397564,-43.22336000
-52.35397564,-42.33222000
-52.31397564,-42.33222000
-52.27397564,-41.44109000
-52.23397564,-40.54994000
-52.19397564,-39.65880000
-52.15397564,-39.65880000
-52.11397564,-38.76461000
-52.07397564,-37.87347000
-52.03397564,-37.87347000
-51.99397564,-36.09119000
-51.95397564,-36.09119000
-51.91397564,-35.20005000
-51.87397564,-35.20005000
-51.83397564,-34.30891000
-51.79397564,-32.52357000
-51.75397564,-32.52357000
-51.71397564,-31.63244000
-51.67397564,-31.63244000
-51.63397564,-30.74129000
-51.59397564,-30.74129000
-51.55397564,-28.95901000
-51.51397565,-28.06787000
-51.47397565,-28.06787000
-51.43397565,-28.06787000
-51.39397565,-26.28254000
-51.35397565,-25.39140000
-51.31397565,-25.39140000
-51.27397565,-24.50026000
-51.23397565,-24.50026000
-51.19397565,-22.71798000
-51.15397565,-21.82379000
-51.11397565,-21.82379000
-51.07397565,-20.93265000
-51.03397565,-19.15036000
-50.99397565,-19.15036000
-50.95397565,-18.25922000
-50.91397565,-18.25922000
-50.87397565,-17.36808000
-50.83397565,-16.47389000
-50.79397565,-15.58275000
-50.75397565,-14.69161000
-50.71397565,-13.80047000
-50.67397565,-13.80047000
-50.63397565,-13.80047000
-50.59397565,-12.01819000
-50.55397565,-10.23286000
-50.51397565,-12.01819000
-50.47397565,-10.23286000
-50.43397565,-9.34171500
-50.39397565,-9.34171500
-50.35397565,-7.55943400
-50.31397565,-7.55943400
-50.27397565,-6.66829400
-50.23397565,-6.66829400
-50.19397565,-4.88296100
-50.15397565,-3.99182100
-50.11397565,-3.10068000
-50.07397565,-3.10068000
-50.03397565,-2.20954000
-49.99397565,-1.31840000
-49.95397565,-1.31840000
-49.91397565,0.46388130
-49.87397566,0.46388130
-49.83397566,2.24616200
-49.79397566,2.24616200
-49.75397566,3.13730300
-49.71397566,4.02844300
-49.67397566,4.02844300
-49.63397566,4.91958400
-49.59397566,6.70491600
-49.55397566,6.70491600
-49.51397566,7.59605700
-49.47397566,7.59605700
-49.43397566,9.37833800
-49.39397566,9.37833800
-49.35397566,10.26948000
-49.31397566,11.16062000
-49.27397566,11.16062000
-49.23397566,12.05481000
-49.19397566,12.94595000
-49.15397566,13.83709000
-49.11397566,14.72823000
-49.07397566,14.72823000
-49.03397566,15.61937000
-48.99397566,16.51051000
-48.95397566,17.40165000
-48.91397566,17.40165000
-48.87397566,18.29585000
-48.83397566,19.18699000
-48.79397566,19.18699000
-48.75397566,20.96927000
-48.71397566,20.96927000
-48.67397566,21.86041000
-48.63397566,21.86041000
-48.59397566,22.75155000
-48.55397566,23.64574000
-48.51397566,24.53688000
-48.47397566,25.42802000
-48.43397566,25.42802000
-48.39397566,26.31916000
-48.35397566,27.21030000
-48.31397566,28.10144000
-48.27397566,28.10144000
-48.23397567,28.10144000
-48.19397567,28.99564000
-48.15397567,29.88678000
-48.11397567,30.77792000
-48.07397567,30.77792000
-48.03397567,31.66906000
-47.99397567,31.66906000
-47.95397567,32.56020000
-47.91397567,32.56020000
-47.87397567,32.56020000
-47.83397567,35.23667000
-47.79397567,35.23667000
-47.75397567,35.23667000
-47.71397567,36.12781000
-47.67397567,37.01895000
-47.63397567,37.01895000
-47.59397567,37.91009000
-47.55397567,38.80123000
-47.51397567,38.80123000
-47.47397567,39.69238000
-47.43397567,40.58657000
-47.39397567,40.58657000
-47.35397567,40.58657000
-47.31397567,42.36885000
-47.27397567,42.36885000
-47.23397567,43.25999000
-47.19397567,43.25999000
-47.15397567,43.25999000
-47.11397567,44.15113000
-47.07397567,44.15113000
-47.03397567,45.04227000
-46.99397567,45.93341000
-46.95397567,45.93341000
-46.91397567,46.82760000
-46.87397567,46.82760000
-46.83397567,46.82760000
-46.79397567,47.71874000
-46.75397567,47.71874000
-46.71397567,49.50102000
-46.67397567,49.50102000
-46.63397567,49.50102000
-46.59397568,50.39216000
-46.55397568,50.39216000
-46.51397568,50.39216000
-46.47397568,50.39216000
-46.43397568,51.28331000
-46.39397568,52.17749000
-46.35397568,52.17749000
-46.31397568,53.06863000
-46.27397568,53.06863000
-46.23397568,53.95978000
-46.19397568,53.95978000
-46.15397568,53.95978000
-46.11397568,53.95978000
-46.07397568,54.85092000
-46.03397568,54.85092000
-45.99397568,55.74205000
-45.95397568,56.63320000
-45.91397568,56.63320000
-45.87397568,56.63320000
-45.83397568,56.63320000
-45.79397568,56.63320000
-45.75397568,57.52739000
-45.71397568,57.52739000
-45.67397568,57.52739000
-45.63397568,57.52739000
-45.59397568,58.41853000
-45.55397568,58.41853000
-45.51397568,59.30967000
-45.47397568,59.30967000
-45.43397568,57.52739000
-45.39397568,61.09195000
-45.35397568,61.09195000
-45.31397568,59.30967000
-45.27397568,60.20081000
-45.23397568,60.20081000
-45.19397568,61.09195000
-45.15397568,61.09195000
-45.11397568,61.09195000
-45.07397568,61.09195000
-45.03397568,61.09195000
-44.99397568,61.98309000
-44.95397569,61.98309000
-44.91397569,61.09195000
-44.87397569,61.98309000
-44.83397569,62.87423000
-44.79397569,61.09195000
-44.75397569,61.98309000
-44.71397569,61.98309000
-44.67397569,61.98309000
-44.63397569,62.87423000
-44.59397569,62.87423000
-44.55397569,61.98309000
-44.51397569,62.87423000
-44.47397569,63.76843000
-44.43397569,63.76843000
-44.39397569,63.76843000
-44.35397569,63.76843000
-44.31397569,63.76843000
-44.27397569,63.76843000
-44.23397569,63.76843000
-44.19397569,63.76843000
-44.15397569,63.76843000
-44.11397569,63.76843000
-44.07397569,63.76843000
-44.03397569,62.87423000
-43.99397569,63.76843000
-43.95397569,62.87423000
-43.91397569,63.76843000
-43.87397569,62.87423000
-43.83397569,63.76843000
-43.79397569,63.76843000
-43.75397569,61.98309000
-43.71397569,61.98309000
-43.67397569,62.87423000
-43.63397569,62.87423000
-43.59397569,61.98309000
-43.55397569,61.98309000
-43.51397569,61.98309000
-43.47397569,61.98309000
-43.43397569,61.09195000
-43.39397569,61.98309000
-43.35397569,61.09195000
-43.31397570,61.09195000
-43.27397570,61.09195000
-43.23397570,61.09195000
-43.19397570,61.09195000
-43.15397570,61.09195000
-43.11397570,61.09195000
-43.07397570,61.09195000
-43.03397570,60.20081000
-42.99397570,60.20081000
-42.95397570,60.20081000
-42.91397570,60.20081000
-42.87397570,59.30967000
-42.83397570,59.30967000
-42.79397570,59.30967000
-42.75397570,58.41853000
-42.71397570,58.41853000
-42.67397570,57.52739000
-42.63397570,57.52739000
-42.59397570,60.20081000
-42.55397570,57.52739000
-42.51397570,56.63320000
-42.47397570,56.63320000
-42.43397570,56.63320000
-42.39397570,56.63320000
-42.35397570,56.63320000
-42.31397570,54.85092000
-42.27397570,54.85092000
-42.23397570,54.85092000
-42.19397570,53.95978000
-42.15397570,53.95978000
-42.11397570,53.95978000
-42.07397570,53.06863000
-42.03397570,53.06863000
-41.99397570,53.95978000
-41.95397570,53.06863000
-41.91397570,52.17749000
-41.87397570,52.17749000
-41.83397570,50.39216000
-41.79397570,50.39216000
-41.75397570,50.39216000
-41.71397570,49.50102000
-41.67397570,49.50102000
-41.63397571,49.50102000
-41.59397571,48.60988000
-41.55397571,47.71874000
-41.51397571,47.71874000
-41.47397571,46.82760000
-41.43397571,46.82760000
-41.39397571,46.82760000
-41.35397571,45.93341000
-41.31397571,45.93341000
-41.27397571,45.93341000
-41.23397571,45.04227000
-41.19397571,43.25999000
-41.15397571,43.25999000
-41.11397571,43.25999000
-41.07397571,42.36885000
-41.03397571,42.36885000
-40.99397571,41.47770000
-40.95397571,40.58657000
-40.91397571,40.58657000
-40.87397571,39.69238000
-40.83397571,39.69238000
-40.79397571,39.69238000
-40.75397571,38.80123000
-40.71397571,37.91009000
-40.67397571,37.01895000
-40.63397571,37.01895000
-40.59397571,36.12781000
-40.55397571,35.23667000
-40.51397571,36.12781000
-40.47397571,35.23667000
-40.43397571,33.45134000
-40.39397571,32.56020000
-40.35397571,32.56020000
-40.31397571,32.56020000
-40.27397571,31.66906000
-40.23397571,30.77792000
-40.19397571,29.88678000
-40.15397571,28.99564000
-40.11397571,28.99564000
-40.07397571,28.10144000
-40.03397571,28.10144000
-39.99397572,27.21030000
-39.95397572,26.31916000
-39.91397572,25.42802000
-39.87397572,25.42802000
-39.83397572,25.42802000
-39.79397572,24.53688000
-39.75397572,22.75155000
-39.71397572,22.75155000
-39.67397572,21.86041000
-39.63397572,21.86041000
-39.59397572,20.96927000
-39.55397572,20.07813000
-39.51397572,19.18699000
-39.47397572,18.29585000
-39.43397572,18.29585000
-39.39397572,17.40165000
-39.35397572,17.40165000
-39.31397572,16.51051000
-39.27397572,14.72823000
-39.23397572,14.72823000
-39.19397572,13.83709000
-39.15397572,13.83709000
-39.11397572,12.05481000
-39.07397572,12.05481000
-39.03397572,11.16062000
-38.99397572,10.26948000
-38.95397572,10.26948000
-38.91397572,9.37833800
-38.87397572,8.48719700
-38.83397572,7.59605700
-38.79397572,6.70491600
-38.75397572,6.70491600
-38.71397572,4.91958400
-38.67397572,4.02844300
-38.63397572,4.02844300
-38.59397572,3.13730300
-38.55397572,3.13730300
-38.51397572,2.24616200
-38.47397572,1.35502200
-38.43397572,1.35502200
-38.39397572,0.46388130
-38.35397573,-2.20954000
-38.31397573,-1.31840000
-38.27397573,-2.20954000
-38.23397573,-3.10068000
-38.19397573,-3.10068000
-38.15397573,-3.99182100
-38.11397573,-5.77715400
-38.07397573,-6.66829400
-38.03397573,-6.66829400
-37.99397573,-7.55943400
-37.95397573,-7.55943400
-37.91397573,-9.34171500
-37.87397573,-9.34171500
-37.83397573,-10.23286000
-37.79397573,-11.12705000
-37.75397573,-12.01819000
-37.71397573,-12.90933000
-37.67397573,-13.80047000
-37.63397573,-13.80047000
-37.59397573,-14.69161000
-37.55397573,-14.69161000
-37.51397573,-16.47389000
-37.47397573,-16.47389000
-37.43397573,-17.36808000
-37.39397573,-18.25922000
-37.35397573,-19.15036000
-37.31397573,-20.04151000
-37.27397573,-20.04151000
-37.23397573,-20.93265000
-37.19397573,-20.93265000
-37.15397573,-22.71798000
-37.11397573,-23.60912000
-37.07397573,-24.50026000
-37.03397573,-24.50026000
-36.99397573,-25.39140000
-36.95397573,-25.39140000
-36.91397573,-27.17368000
-36.87397573,-28.06787000
-36.83397573,-28.06787000
-36.79397573,-28.95901000
-36.75397573,-28.95901000
-36.71397574,-29.85015000
-36.67397574,-30.74129000
-36.63397574,-31.63244000
-36.59397574,-31.63244000
-36.55397574,-32.52357000
-36.51397574,-33.41471000
-36.47397574,-35.20005000
-36.43397574,-35.20005000
-36.39397574,-35.20005000
-36.35397574,-36.09119000
-36.31397574,-37.87347000
-36.27397574,-37.87347000
-36.23397574,-38.76461000
-36.19397574,-38.76461000
-36.15397574,-39.65880000
-36.11397574,-40.54994000
-36.07397574,-40.54994000
-36.03397574,-41.44109000
-35.99397574,-42.33222000
-35.95397574,-42.33222000
-35.91397574,-43.22336000
-35.87397574,-45.00565000
-35.83397574,-45.00565000
-35.79397574,-43.22336000
-35.75397574,-46.79098000
-35.71397574,-47.68212000
-35.67397574,-47.68212000
-35.63397574,-47.68212000
-35.59397574,-47.68212000
-35.55397574,-49.46440000
-35.51397574,-49.46440000
-35.47397574,-50.35554000
-35.43397574,-50.35554000
-35.39397574,-50.35554000
-35.35397574,-52.14087000
-35.31397574,-53.03201000
-35.27397574,-53.03201000
-35.23397574,-53.03201000
-35.19397574,-53.92315000
-35.15397574,-54.81429000
-35.11397574,-55.70544000
-35.07397575,-56.59963000
-35.03397575,-56.59963000
-34.99397575,-56.59963000
-34.95397575,-57.49076000
-34.91397575,-58.38191000
-34.87397575,-58.38191000
-34.83397575,-59.27305000
-34.79397575,-60.16419000
-34.75397575,-60.16419000
-34.71397575,-60.16419000
-34.67397575,-61.05533000
-34.63397575,-61.05533000
-34.59397575,-61.94647000
-34.55397575,-62.84066000
-34.51397575,-63.73180000
-34.47397575,-63.73180000
-34.43397575,-64.62294000
-34.39397575,-64.62294000
-34.35397575,-64.62294000
-34.31397575,-64.62294000
-34.27397575,-66.40523000
-34.23397575,-67.29636000
-34.19397575,-66.40523000
-34.15397575,-67.29636000
-34.11397575,-67.29636000
-34.07397575,-68.19056000
-34.03397575,-68.19056000
-33.99397575,-69.08170000
-33.95397575,-69.08170000
-33.91397575,-69.97284000
-33.87397575,-69.97284000
-33.83397575,-69.97284000
-33.79397575,-70.86398000
-33.75397575,-70.86398000
-33.71397575,-71.75512000
-33.67397575,-71.75512000
-33.63397575,-71.75512000
-33.59397575,-71.75512000
-33.55397575,-72.64626000
-33.51397575,-72.64626000
-33.47397575,-74.43159000
-33.43397576,-73.53740000
-33.39397576,-74.43159000
-33.35397576,-74.43159000
-33.31397576,-74.43159000
-33.27397576,-75.32274000
-33.23397576,-75.32274000
-33.19397576,-75.32274000
-33.15397576,-75.32274000
-33.11397576,-76.21387000
-33.07397576,-76.21387000
-33.03397576,-77.10501000
-32.99397576,-77.10501000
-32.95397576,-77.10501000
-32.91397576,-77.99615000
-32.87397576,-77.10501000
-32.83397576,-77.99615000
-32.79397576,-77.99615000
-32.75397576,-77.99615000
-32.71397576,-77.99615000
-32.67397576,-77.99615000
-32.63397576,-77.99615000
-32.59397576,-77.99615000
-32.55397576,-78.88729000
-32.51397576,-78.88729000
-32.47397576,-78.88729000
-32.43397576,-78.88729000
-32.39397576,-78.88729000
-32.35397576,-78.88729000
-32.31397576,-79.78149000
-32.27397576,-78.88729000
-32.23397576,-78.88729000
-32.19397576,-79.78149000
-32.15397576,-79.78149000
-32.11397576,-80.67262000
-32.07397576,-80.67262000
-32.03397576,-80.67262000
-31.99397576,-80.67262000
-31.95397576,-80.67262000
-31.91397576,-81.56377000
-31.87397576,-81.56377000
-31.83397576,-80.67262000
-31.79397577,-81.56377000
-31.75397577,-81.56377000
-31.71397577,-80.67262000
-31.67397577,-81.56377000
-31.63397577,-81.56377000
-31.59397577,-81.56377000
-31.55397577,-81.56377000
-31.51397577,-80.67262000
-31.47397577,-81.56377000
-31.43397577,-81.56377000
-31.39397577,-80.67262000
-31.35397577,-80.67262000
-31.31397577,-80.67262000
-31.27397577,-80.67262000
-31.23397577,-80.67262000
-31.19397577,-80.67262000
-31.15397577,-80.67262000
-31.11397577,-80.67262000
-31.07397577,-80.67262000
-31.03397577,-78.88729000
-30.99397577,-79.78149000
-30.95397577,-78.88729000
-30.91397577,-78.88729000
-30.87397577,-78.88729000
-30.83397577,-78.88729000
-30.79397577,-78.88729000
-30.75397577,-78.88729000
-30.71397577,-77.99615000
-30.67397577,-78.88729000
-30.63397577,-78.88729000
-30.59397577,-77.99615000
-30.55397577,-77.99615000
-30.51397577,-77.99615000
-30.47397577,-77.99615000
-30.43397577,-77.10501000
-30.39397577,-77.10501000
-30.35397577,-77.10501000
-30.31397577,-77.10501000
-30.27397577,-77.10501000
-30.23397577,-76.21387000
-30.19397577,-75.32274000
-30.15397577,-76.21387000
-30.11397578,-75.32274000
-30.07397578,-75.32274000
-30.03397578,-74.43159000
-29.99397578,-74.43159000
-29.95397578,-74.43159000
-29.91397578,-74.43159000
-29.87397578,-73.53740000
-29.83397578,-73.53740000
-29.79397578,-72.64626000
-29.75397578,-71.75512000
-29.71397578,-71.75512000
-29.67397578,-71.75512000
-29.63397578,-71.75512000
-29.59397578,-70.86398000
-29.55397578,-70.86398000
-29.51397578,-70.86398000
-29.47397578,-70.86398000
-29.43397578,-69.97284000
-29.39397578,-69.08170000
-29.35397578,-69.08170000
-29.31397578,-69.08170000
-29.27397578,-68.19056000
-29.23397578,-67.29636000
-29.19397578,-67.29636000
-29.15397578,-67.29636000
-29.11397578,-67.29636000
-29.07397578,-66.40523000
-29.03397578,-66.40523000
-28.99397578,-64.62294000
-28.95397578,-64.62294000
-28.91397578,-64.62294000
-28.87397578,-63.73180000
-28.83397578,-63.73180000
-28.79397578,-62.84066000
-28.75397578,-61.94647000
-28.71397578,-61.94647000
-28.67397578,-61.05533000
-28.63397578,-61.05533000
-28.59397578,-60.16419000
-28.55397578,-60.16419000
-28.51397578,-59.27305000
-28.47397579,-59.27305000
-28.43397579,-59.27305000
-28.39397579,-57.49076000
-28.35397579,-57.49076000
-28.31397579,-56.59963000
-28.27397579,-56.59963000
-28.23397579,-56.59963000
-28.19397579,-54.81429000
-28.15397579,-54.81429000
-28.11397579,-53.92315000
-28.07397579,-53.92315000
-28.03397579,-53.92315000
-27.99397579,-53.03201000
-27.95397579,-51.24973000
-27.91397579,-51.24973000
-27.87397579,-50.35554000
-27.83397579,-49.46440000
-27.79397579,-49.46440000
-27.75397579,-48.57326000
-27.71397579,-49.46440000
-27.67397579,-47.68212000
-27.63397579,-45.89984000
-27.59397579,-46.79098000
-27.55397579,-45.89984000
-27.51397579,-45.00565000
-27.47397579,-44.11451000
-27.43397579,-43.22336000
-27.39397579,-43.22336000
-27.35397579,-42.33222000
-27.31397579,-42.33222000
-27.27397579,-41.44109000
-27.23397579,-40.54994000
-27.19397579,-39.65880000
-27.15397579,-39.65880000
-27.11397579,-39.65880000
-27.07397579,-38.76461000
-27.03397579,-37.87347000
-26.99397579,-36.98233000
-26.95397579,-35.20005000
-26.91397579,-35.20005000
-26.87397579,-35.20005000
-26.83397580,-33.41471000
-26.79397580,-33.41471000
-26.75397580,-32.52357000
-26.71397580,-31.63244000
-26.67397580,-31.63244000
-26.63397580,-30.74129000
-26.59397580,-29.85015000
-26.55397580,-28.95901000
-26.51397580,-28.95901000
-26.47397580,-28.06787000
-26.43397580,-27.17368000
-26.39397580,-26.28254000
-26.35397580,-25.39140000
-26.31397580,-24.50026000
-26.27397580,-24.50026000
-26.23397580,-23.60912000
-26.19397580,-22.71798000
-26.15397580,-21.82379000
-26.11397580,-20.93265000
-26.07397580,-20.93265000
-26.03397580,-20.93265000
-25.99397580,-19.15036000
-25.95397580,-18.25922000
-25.91397580,-17.36808000
-25.87397580,-17.36808000
-25.83397580,-16.47389000
-25.79397580,-15.58275000
-25.75397580,-14.69161000
-25.71397580,-14.69161000
-25.67397580,-13.80047000
-25.63397580,-12.90933000
-25.59397580,-12.01819000
-25.55397580,-11.12705000
-25.51397580,-11.12705000
-25.47397580,-10.23286000
-25.43397580,-9.34171500
-25.39397580,-9.34171500
-25.35397580,-7.55943400
-25.31397580,-6.66829400
-25.27397580,-6.66829400
-25.23397580,-4.88296100
-25.19397581,-4.88296100
-25.15397581,-3.99182100
-25.11397581,-3.10068000
-25.07397581,-2.20954000
-25.03397581,-2.20954000
-24.99397581,-0.42725910
-24.95397581,-0.42725910
-24.91397581,0.46388130
-24.87397581,0.46388130
-24.83397581,1.35502200
-24.79397581,3.13730300
-24.75397581,3.13730300
-24.71397581,4.02844300
-24.67397581,4.02844300
-24.63397581,4.91958400
-24.59397581,5.81072400
-24.55397581,6.70491600
-24.51397581,7.59605700
-24.47397581,7.59605700
-24.43397581,8.48719700
-24.39397581,10.26948000
-24.35397581,10.26948000
-24.31397581,11.16062000
-24.27397581,11.16062000
-24.23397581,12.05481000
-24.19397581,12.94595000
-24.15397581,13.83709000
-24.11397581,13.83709000
-24.07397581,14.72823000
-24.03397581,15.61937000
-23.99397581,16.51051000
-23.95397581,16.51051000
-23.91397581,18.29585000
-23.87397581,18.29585000
-23.83397581,19.18699000
-23.79397581,19.18699000
-23.75397581,20.96927000
-23.71397581,20.96927000
-23.67397581,21.86041000
-23.63397581,21.86041000
-23.59397581,23.64574000
-23.55397582,23.64574000
-23.51397582,24.53688000
-23.47397582,25.42802000
-23.43397582,26.31916000
-23.39397582,25.42802000
-23.35397582,26.31916000
-23.31397582,28.10144000
-23.27397582,28.99564000
-23.23397582,28.99564000
-23.19397582,28.99564000
-23.15397582,29.88678000
-23.11397582,29.88678000
-23.07397582,31.66906000
-23.03397582,31.66906000
-22.99397582,32.56020000
-22.95397582,32.56020000
-22.91397582,33.45134000
-22.87397582,33.45134000
-22.83397582,35.23667000
-22.79397582,35.23667000
-22.75397582,36.12781000
-22.71397582,36.12781000
-22.67397582,37.01895000
-22.63397582,37.01895000
-22.59397582,37.91009000
-22.55397582,38.80123000
-22.51397582,38.80123000
-22.47397582,39.69238000
-22.43397582,40.58657000
-22.39397582,40.58657000
-22.35397582,40.58657000
-22.31397582,42.36885000
-22.27397582,42.36885000
-22.23397582,43.25999000
-22.19397582,43.25999000
-22.15397582,43.25999000
-22.11397582,44.15113000
-22.07397582,44.15113000
-22.03397582,45.04227000
-21.99397582,45.93341000
-21.95397582,46.82760000
-21.91397583,46.82760000
-21.87397583,46.82760000
-21.83397583,46.82760000
-21.79397583,47.71874000
-21.75397583,48.60988000
-21.71397583,48.60988000
-21.67397583,49.50102000
-21.63397583,49.50102000
-21.59397583,49.50102000
-21.55397583,50.39216000
-21.51397583,50.39216000
-21.47397583,51.28331000
-21.43397583,51.28331000
-21.39397583,53.06863000
-21.35397583,53.06863000
-21.31397583,53.06863000
-21.27397583,53.06863000
-21.23397583,53.95978000
-21.19397583,53.95978000
-21.15397583,53.95978000
-21.11397583,53.95978000
-21.07397583,54.85092000
-21.03397583,54.85092000
-20.99397583,57.52739000
-20.95397583,53.95978000
-20.91397583,56.63320000
-20.87397583,57.52739000
-20.83397583,57.52739000
-20.79397583,57.52739000
-20.75397583,57.52739000
-20.71397583,57.52739000
-20.67397583,57.52739000
-20.63397583,58.41853000
-20.59397583,58.41853000
-20.55397583,58.41853000
-20.51397583,59.30967000
-20.47397583,59.30967000
-20.43397583,59.30967000
-20.39397583,60.20081000
-20.35397583,60.20081000
-20.31397583,60.20081000
-20.27397584,60.20081000
-20.23397584,61.09195000
-20.19397584,60.20081000
-20.15397584,61.09195000
-20.11397584,61.09195000
-20.07397584,61.09195000
-20.03397584,61.09195000
-19.99397584,61.09195000
-19.95397584,61.09195000
-19.91397584,61.98309000
-19.87397584,61.98309000
-19.83397584,61.98309000
-19.79397584,61.98309000
-19.75397584,62.87423000
-19.71397584,62.87423000
-19.67397584,62.87423000
-19.63397584,62.87423000
-19.59397584,62.87423000
-19.55397584,63.76843000
-19.51397584,63.76843000
-19.47397584,63.76843000
-19.43397584,62.87423000
-19.39397584,63.76843000
-19.35397584,63.76843000
-19.31397584,63.76843000
-19.27397584,62.87423000
-19.23397584,63.76843000
-19.19397584,63.76843000
-19.15397584,63.76843000
-19.11397584,63.76843000
-19.07397584,63.76843000
-19.03397584,62.87423000
-18.99397584,63.76843000
-18.95397584,63.76843000
-18.91397584,63.76843000
-18.87397584,63.76843000
-18.83397584,61.98309000
-18.79397584,63.76843000
-18.75397584,62.87423000
-18.71397584,62.87423000
-18.67397584,62.87423000
-18.63397585,62.87423000
-18.59397585,61.98309000
-18.55397585,61.98309000
-18.51397585,61.98309000
-18.47397585,62.87423000
-18.43397585,61.98309000
-18.39397585,61.98309000
-18.35397585,61.09195000
-18.31397585,61.09195000
-18.27397585,61.09195000
-18.23397585,61.09195000
-18.19397585,61.09195000
-18.15397585,61.09195000
-18.11397585,61.09195000
-18.07397585,60.20081000
-18.03397585,60.20081000
-17.99397585,60.20081000
-17.95397585,60.20081000
-17.91397585,60.20081000
-17.87397585,59.30967000
-17.83397585,59.30967000
-17.79397585,59.30967000
-17.75397585,58.41853000
-17.71397585,58.41853000
-17.67397585,58.41853000
-17.63397585,58.41853000
-17.59397585,57.52739000
-17.55397585,57.52739000
-17.51397585,57.52739000
-17.47397585,56.63320000
-17.43397585,57.52739000
-17.39397585,56.63320000
-17.35397585,56.63320000
-17.31397585,55.74205000
-17.27397585,54.85092000
-17.23397585,54.85092000
-17.19397585,54.85092000
-17.15397585,53.95978000
-17.11397585,53.95978000
-17.07397585,53.95978000
-17.03397585,53.06863000
-16.99397585,53.06863000
-16.95397586,53.06863000
-16.91397586,51.28331000
-16.87397586,51.28331000
-16.83397586,50.39216000
-16.79397586,50.39216000
-16.75397586,50.39216000
-16.71397586,49.50102000
-16.67397586,49.50102000
-16.63397586,48.60988000
-16.59397586,47.71874000
-16.55397586,47.71874000
-16.51397586,46.82760000
-16.47397586,46.82760000
-16.43397586,46.82760000
-16.39397586,46.82760000
-16.35397586,45.93341000
-16.31397586,45.93341000
-16.27397586,45.04227000
-16.23397586,44.15113000
-16.19397586,44.15113000
-16.15397586,43.25999000
-16.11397586,43.25999000
-16.07397586,43.25999000
-16.03397586,42.36885000
-15.99397586,41.47770000
-15.95397586,40.58657000
-15.91397586,40.58657000
-15.87397586,39.69238000
-15.83397586,39.69238000
-15.79397586,37.01895000
-15.75397586,38.80123000
-15.71397586,38.80123000
-15.67397586,37.01895000
-15.63397586,36.12781000
-15.59397586,36.12781000
-15.55397586,36.12781000
-15.51397586,35.23667000
-15.47397586,34.34248000
-15.43397586,32.56020000
-15.39397586,32.56020000
-15.35397586,32.56020000
-15.31397587,32.56020000
-15.27397587,31.66906000
-15.23397587,31.66906000
-15.19397587,29.88678000
-15.15397587,28.99564000
-15.11397587,28.99564000
-15.07397587,28.10144000
-15.03397587,28.10144000
-14.99397587,28.10144000
-14.95397587,27.21030000
-14.91397587,26.31916000
-14.87397587,25.42802000
-14.83397587,24.53688000
-14.79397587,24.53688000
-14.75397587,22.75155000
-14.71397587,22.75155000
-14.67397587,21.86041000
-14.63397587,21.86041000
-14.59397587,20.96927000
-14.55397587,20.07813000
-14.51397587,19.18699000
-14.47397587,18.29585000
-14.43397587,18.29585000
-14.39397587,17.40165000
-14.35397587,16.51051000
-14.31397587,15.61937000
-14.27397587,14.72823000
-14.23397587,14.72823000
-14.19397587,14.72823000
-14.15397587,13.83709000
-14.11397587,12.05481000
-14.07397587,12.05481000
-14.03397587,11.16062000
-13.99397587,11.16062000
-13.95397587,10.26948000
-13.91397587,9.37833800
-13.87397587,8.48719700
-13.83397587,8.48719700
-13.79397587,6.70491600
-13.75397587,6.70491600
-13.71397587,4.91958400
-13.67397588,4.91958400
-13.63397588,4.02844300
-13.59397588,4.02844300
-13.55397588,3.13730300
-13.51397588,2.24616200
-13.47397588,1.35502200
-13.43397588,0.46388130
-13.39397588,0.46388130
-13.35397588,-0.42725910
-13.31397588,-1.31840000
-13.27397588,-2.20954000
-13.23397588,-3.10068000
-13.19397588,-3.10068000
-13.15397588,-3.99182100
-13.11397588,-4.88296100
-13.07397588,-6.66829400
-13.03397588,-7.55943400
-12.99397588,-6.66829400
-12.95397588,-6.66829400
-12.91397588,-10.23286000
-12.87397588,-10.23286000
-12.83397588,-10.23286000
-12.79397588,-10.23286000
-12.75397588,-11.12705000
-12.71397588,-12.90933000
-12.67397588,-13.80047000
-12.63397588,-13.80047000
-12.59397588,-14.69161000
-12.55397588,-14.69161000
-12.51397588,-16.47389000
-12.47397588,-16.47389000
-12.43397588,-17.36808000
-12.39397588,-18.25922000
-12.35397588,-18.25922000
-12.31397588,-20.04151000
-12.27397588,-20.93265000
-12.23397588,-20.93265000
-12.19397588,-20.93265000
-12.15397588,-21.82379000
-12.11397588,-23.60912000
-12.07397588,-24.50026000
-12.03397589,-24.50026000
-11.99397589,-24.50026000
-11.95397589,-26.28254000
-11.91397589,-27.17368000
-11.87397589,-28.06787000
-11.83397589,-28.06787000
-11.79397589,-28.95901000
-11.75397589,-28.95901000
-11.71397589,-30.74129000
-11.67397589,-30.74129000
-11.63397589,-31.63244000
-11.59397589,-31.63244000
-11.55397589,-33.41471000
-11.51397589,-33.41471000
-11.47397589,-34.30891000
-11.43397589,-35.20005000
-11.39397589,-35.20005000
-11.35397589,-36.09119000
-11.31397589,-37.87347000
-11.27397589,-37.87347000
-11.23397589,-38.76461000
-11.19397589,-38.76461000
-11.15397589,-39.65880000
-11.11397589,-39.65880000
-11.07397589,-40.54994000
-11.03397589,-42.33222000
-10.99397589,-42.33222000
-10.95397589,-42.33222000
-10.91397589,-43.22336000
-10.87397589,-44.11451000
-10.83397589,-45.00565000
-10.79397589,-45.89984000
-10.75397589,-45.89984000
-10.71397589,-46.79098000
-10.67397589,-46.79098000
-10.63397589,-46.79098000
-10.59397589,-48.57326000
-10.55397589,-49.46440000
-10.51397589,-49.46440000
-10.47397589,-49.46440000
-10.43397589,-50.35554000
-10.39397590,-51.24973000
-10.35397590,-52.14087000
-10.31397590,-53.03201000
-10.27397590,-53.03201000
-10.23397590,-53.92315000
-10.19397590,-53.92315000
-10.15397590,-54.81429000
-10.11397590,-55.70544000
-10.07397590,-56.59963000
-10.03397590,-56.59963000
-9.99397590,-56.59963000
-9.95397590,-57.49076000
-9.91397590,-57.49076000
-9.87397590,-58.38191000
-9.83397590,-59.27305000
-9.79397590,-60.16419000
-9.75397590,-60.16419000
-9.71397590,-60.16419000
-9.67397590,-61.05533000
-9.63397590,-61.05533000
-9.59397590,-61.94647000
-9.55397590,-62.84066000
-9.51397590,-63.73180000
-9.47397590,-63.73180000
-9.43397590,-64.62294000
-9.39397590,-63.73180000
-9.35397590,-64.62294000
-9.31397590,-66.40523000
-9.27397590,-66.40523000
-9.23397590,-66.40523000
-9.19397590,-66.40523000
-9.15397590,-67.29636000
-9.11397590,-67.29636000
-9.07397590,-67.29636000
-9.03397590,-68.19056000
-8.99397590,-68.19056000
-8.95397590,-69.97284000
-8.91397590,-69.97284000
-8.87397590,-69.97284000
-8.83397590,-69.97284000
-8.79397590,-70.86398000
-8.75397591,-71.75512000
-8.71397591,-69.97284000
-8.67397591,-70.86398000
-8.63397591,-72.64626000
-8.59397591,-72.64626000
-8.55397591,-72.64626000
-8.51397591,-73.53740000
-8.47397591,-73.53740000
-8.43397591,-74.43159000
-8.39397591,-74.43159000
-8.35397591,-74.43159000
-8.31397591,-74.43159000
-8.27397591,-74.43159000
-8.23397591,-75.32274000
-8.19397591,-75.32274000
-8.15397591,-75.32274000
-8.11397591,-76.21387000
-8.07397591,-76.21387000
-8.03397591,-76.21387000
-7.99397591,-76.21387000
-7.95397591,-77.10501000
-7.91397591,-77.10501000
-7.87397591,-77.99615000
-7.83397591,-77.99615000
-7.79397591,-77.99615000
-7.75397591,-77.99615000
-7.71397591,-77.99615000
-7.67397591,-77.99615000
-7.63397591,-77.99615000
-7.59397591,-77.99615000
-7.55397591,-78.88729000
-7.51397591,-78.88729000
-7.47397591,-78.88729000
-7.43397591,-78.88729000
-7.39397591,-79.78149000
-7.35397591,-78.88729000
-7.31397591,-79.78149000
-7.27397591,-80.67262000
-7.23397591,-80.67262000
-7.19397591,-80.67262000
-7.15397591,-80.67262000
-7.11397592,-80.67262000
-7.07397592,-80.67262000
-7.03397592,-80.67262000
-6.99397592,-80.67262000
-6.95397592,-81.56377000
-6.91397592,-80.67262000
-6.87397592,-80.67262000
-6.83397592,-80.67262000
-6.79397592,-81.56377000
-6.75397592,-81.56377000
-6.71397592,-81.56377000
-6.67397592,-80.67262000
-6.63397592,-81.56377000
-6.59397592,-80.67262000
-6.55397592,-80.67262000
-6.51397592,-80.67262000
-6.47397592,-80.67262000
-6.43397592,-80.67262000
-6.39397592,-80.67262000
-6.35397592,-80.67262000
-6.31397592,-80.67262000
-6.27397592,-80.67262000
-6.23397592,-79.78149000
-6.19397592,-81.56377000
-6.15397592,-78.88729000
-6.11397592,-78.88729000
-6.07397592,-81.56377000
-6.03397592,-80.67262000
-5.99397592,-79.78149000
-5.95397592,-78.88729000
-5.91397592,-78.88729000
-5.87397592,-79.78149000
-5.83397592,-78.88729000
-5.79397592,-78.88729000
-5.75397592,-77.99615000
-5.71397592,-77.99615000
-5.67397592,-77.99615000
-5.63397592,-77.99615000
-5.59397592,-77.99615000
-5.55397592,-77.99615000
-5.51397592,-77.99615000
-5.47397592,-77.99615000
-5.43397593,-77.99615000
-5.39397593,-77.10501000
-5.35397593,-77.10501000
-5.31397593,-77.10501000
-5.27397593,-76.21387000
-5.23397593,-76.21387000
-5.19397593,-75.32274000
-5.15397593,-75.32274000
-5.11397593,-75.32274000
-5.07397593,-75.32274000
-5.03397593,-74.43159000
-4.99397593,-74.43159000
-4.95397593,-74.43159000
-4.91397593,-74.43159000
-4.87397593,-73.53740000
-4.83397593,-73.53740000
-4.79397593,-73.53740000
-4.75397593,-72.64626000
-4.71397593,-71.75512000
-4.67397593,-71.75512000
-4.63397593,-70.86398000
-4.59397593,-70.86398000
-4.55397593,-70.86398000
-4.51397593,-70.86398000
-4.47397593,-70.86398000
-4.43397593,-69.97284000
-4.39397593,-69.08170000
-4.35397593,-69.08170000
-4.31397593,-68.19056000
-4.27397593,-68.19056000
-4.23397593,-67.29636000
-4.19397593,-67.29636000
-4.15397593,-67.29636000
-4.11397593,-67.29636000
-4.07397593,-66.40523000
-4.03397593,-66.40523000
-3.99397593,-65.51408000
-3.95397593,-64.62294000
-3.91397593,-64.62294000
-3.87397593,-63.73180000
-3.83397593,-63.73180000
-3.79397594,-62.84066000
-3.75397594,-62.84066000
-3.71397594,-61.94647000
-3.67397594,-61.05533000
-3.63397594,-61.05533000
-3.59397594,-60.16419000
-3.55397594,-60.16419000
-3.51397594,-59.27305000
-3.47397594,-58.38191000
-3.43397594,-58.38191000
-3.39397594,-57.49076000
-3.35397594,-56.59963000
-3.31397594,-56.59963000
-3.27397594,-56.59963000
-3.23397594,-55.70544000
-3.19397594,-55.70544000
-3.15397594,-53.92315000
-3.11397594,-53.92315000
-3.07397594,-53.03201000
-3.03397594,-53.03201000
-2.99397594,-52.14087000
-2.95397594,-52.14087000
-2.91397594,-50.35554000
-2.87397594,-50.35554000
-2.83397594,-49.46440000
-2.79397594,-49.46440000
-2.75397594,-48.57326000
-2.71397594,-46.79098000
-2.67397594,-46.79098000
-2.63397594,-46.79098000
-2.59397594,-45.89984000
-2.55397594,-45.00565000
-2.51397594,-45.00565000
-2.47397594,-44.11451000
-2.43397594,-43.22336000
-2.39397594,-43.22336000
-2.35397594,-42.33222000
-2.31397594,-41.44109000
-2.27397594,-41.44109000
-2.23397594,-40.54994000
-2.19397594,-39.65880000
-2.15397595,-38.76461000
-2.11397595,-38.76461000
-2.07397595,-37.87347000
-2.03397595,-37.87347000
-1.99397595,-36.09119000
-1.95397595,-36.09119000
-1.91397595,-35.20005000
-1.87397595,-34.30891000
-1.83397595,-34.30891000
-1.79397595,-32.52357000
-1.75397595,-32.52357000
-1.71397595,-31.63244000
-1.67397595,-30.74129000
-1.63397595,-30.74129000
-1.59397595,-28.95901000
-1.55397595,-28.95901000
-1.51397595,-28.06787000
-1.47397595,-28.06787000
-1.43397595,-27.17368000
-1.39397595,-26.28254000
-1.35397595,-25.39140000
-1.31397595,-24.50026000
-1.27397595,-24.50026000
-1.23397595,-23.60912000
-1.19397595,-23.60912000
-1.15397595,-21.82379000
-1.11397595,-20.93265000
-1.07397595,-20.04151000
-1.03397595,-20.04151000
-0.99397595,-18.25922000
-0.95397595,-18.25922000
-0.91397595,-17.36808000
-0.87397595,-17.36808000
-0.83397595,-14.69161000
-0.79397595,-16.47389000
-0.75397595,-16.47389000
-0.71397595,-13.80047000
-0.67397595,-13.80047000
-0.63397595,-12.90933000
-0.59397595,-12.01819000
-0.55397595,-11.12705000
-0.51397596,-10.23286000
-0.47397596,-10.23286000
-0.43397596,-9.34171500
-0.39397596,-8.45057600
-0.35397596,-7.55943400
-0.31397596,-6.66829400
-0.27397596,-5.77715400
-0.23397596,-5.77715400
-0.19397596,-3.99182100
-0.15397596,-3.99182100
-0.11397596,-3.10068000
-0.07397596,-2.20954000
-0.03397596,-1.31840000
0.00602404,-0.42725910
0.04602404,-0.42725910
0.08602404,0.46388130
0.12602404,1.35502200
0.16602404,1.35502200
0.20602404,2.24616200
0.24602404,3.13730300
0.28602404,4.02844300
0.32602404,4.02844300
0.36602404,4.91958400
0.40602404,5.81072400
0.44602404,6.70491600
0.48602404,7.59605700
0.52602404,7.59605700
0.56602404,8.48719700
0.60602404,10.26948000
0.64602404,10.26948000
0.68602404,11.16062000
0.72602404,11.16062000
0.76602404,12.05481000
0.80602404,12.94595000
0.84602404,13.83709000
0.88602404,14.72823000
0.92602404,14.72823000
0.96602404,15.61937000
1.00602404,16.51051000
1.04602404,17.40165000
1.08602404,18.29585000
1.12602403,18.29585000
1.16602403,19.18699000
1.20602403,20.07813000
1.24602403,20.96927000
1.28602403,20.96927000
1.32602403,21.86041000
1.36602403,21.86041000
1.40602403,23.64574000
1.44602403,24.53688000
1.48602403,24.53688000
1.52602403,25.42802000
1.56602403,25.42802000
1.60602403,25.42802000
1.64602403,27.21030000
1.68602403,27.21030000
1.72602403,28.10144000
1.76602403,28.99564000
1.80602403,28.99564000
1.84602403,29.88678000
1.88602403,30.77792000
1.92602403,29.88678000
1.96602403,32.56020000
2.00602403,32.56020000
2.04602403,31.66906000
2.08602403,33.45134000
2.12602403,35.23667000
2.16602403,35.23667000
2.20602403,35.23667000
2.24602403,36.12781000
2.28602403,36.12781000
2.32602403,37.01895000
2.36602403,37.91009000
2.40602403,37.91009000
2.44602403,38.80123000
2.48602403,39.69238000
2.52602403,39.69238000
2.56602403,39.69238000
2.60602403,40.58657000
2.64602403,41.47770000
2.68602403,42.36885000
2.72602403,42.36885000
2.76602402,43.25999000
2.80602402,43.25999000
2.84602402,43.25999000
2.88602402,44.15113000
2.92602402,45.04227000
2.96602402,45.04227000
3.00602402,45.93341000
3.04602402,45.93341000
3.08602402,46.82760000
3.12602402,46.82760000
3.16602402,47.71874000
3.20602402,47.71874000
3.24602402,48.60988000
3.28602402,48.60988000
3.32602402,49.50102000
3.36602402,50.39216000
3.40602402,50.39216000
3.44602402,50.39216000
3.48602402,50.39216000
3.52602402,51.28331000
3.56602402,52.17749000
3.60602402,52.17749000
3.64602402,53.06863000
3.68602402,53.06863000
3.72602402,53.95978000
3.76602402,53.95978000
3.80602402,53.95978000
3.84602402,53.95978000
3.88602402,54.85092000
3.92602402,54.85092000
3.96602402,55.74205000
4.00602402,56.63320000
4.04602402,55.74205000
4.08602402,56.63320000
4.12602402,56.63320000
4.16602402,57.52739000
4.20602402,57.52739000
4.24602402,57.52739000
4.28602402,57.52739000
4.32602402,57.52739000
4.36602402,57.52739000
4.40602401,58.41853000
4.44602401,59.30967000
4.48602401,59.30967000
4.52602401,60.20081000
4.56602401,60.20081000
4.60602401,60.20081000
4.64602401,60.20081000
4.68602401,60.20081000
4.72602401,61.09195000
4.76602401,61.09195000
4.80602401,61.09195000
4.84602401,61.09195000
4.88602401,61.09195000
4.92602401,61.09195000
4.96602401,61.09195000
5.00602401,61.09195000
5.04602401,61.09195000
5.08602401,61.98309000
5.12602401,61.98309000
5.16602401,61.98309000
5.20602401,61.98309000
5.24602401,62.87423000
5.28602401,62.87423000
5.32602401,63.76843000
5.36602401,62.87423000
5.40602401,61.98309000
5.44602401,62.87423000
5.48602401,63.76843000
5.52602401,63.76843000
5.56602401,63.76843000
5.60602401,63.76843000
5.64602401,62.87423000
5.68602401,63.76843000
5.72602401,63.76843000
5.76602401,63.76843000
5.80602401,63.76843000
5.84602401,63.76843000
5.88602401,63.76843000
5.92602401,63.76843000
5.96602401,63.76843000
6.00602401,63.76843000
6.04602401,63.76843000
6.08602400,63.76843000
6.12602400,63.76843000
6.16602400,62.87423000
6.20602400,64.65956000
6.24602400,62.87423000
6.28602400,61.98309000
6.32602400,62.87423000
6.36602400,63.76843000
6.40602400,63.76843000
6.44602400,61.98309000
6.48602400,61.98309000
6.52602400,61.98309000
6.56602400,61.98309000
6.60602400,61.98309000
6.64602400,61.98309000
6.68602400,61.98309000
6.72602400,61.09195000
6.76602400,61.09195000
6.80602400,61.09195000
6.84602400,61.09195000
6.88602400,61.09195000
6.92602400,61.09195000
6.96602400,60.20081000
7.00602400,60.20081000
7.04602400,60.20081000
7.08602400,60.20081000
7.12602400,59.30967000
7.16602400,60.20081000
7.20602400,60.20081000
7.24602400,59.30967000
7.28602400,58.41853000
7.32602400,58.41853000
7.36602400,58.41853000
7.40602400,57.52739000
7.44602400,57.52739000
7.48602400,57.52739000
7.52602400,57.52739000
7.56602400,57.52739000
7.60602400,56.63320000
7.64602400,56.63320000
7.68602400,55.74205000
7.72602399,54.85092000
7.76602399,53.95978000
7.80602399,53.95978000
7.84602399,53.95978000
7.88602399,53.95978000
7.92602399,53.06863000
7.96602399,53.06863000
8.00602399,53.06863000
8.04602399,53.06863000
8.08602399,52.17749000
8.12602399,52.17749000
8.16602399,50.39216000
8.20602399,50.39216000
8.24602399,50.39216000
8.28602399,49.50102000
8.32602399,49.50102000
8.36602399,49.50102000
8.40602399,48.60988000
8.44602399,47.71874000
8.48602399,47.71874000
8.52602399,47.71874000
8.56602399,46.82760000
8.60602399,45.93341000
8.64602399,45.93341000
8.68602399,47.71874000
8.72602399,45.04227000
8.76602399,43.25999000
8.80602399,44.15113000
8.84602399,43.25999000
8.88602399,43.25999000
8.92602399,42.36885000
8.96602399,42.36885000
9.00602399,41.47770000
9.04602399,40.58657000
9.08602399,40.58657000
9.12602399,40.58657000
9.16602399,39.69238000
9.20602399,38.80123000
9.24602399,38.80123000
9.28602399,37.91009000
9.32602399,37.01895000
9.36602398,37.01895000
9.40602398,36.12781000
9.44602398,36.12781000
9.48602398,35.23667000
9.52602398,35.23667000
9.56602398,33.45134000
9.60602398,33.45134000
9.64602398,32.56020000
9.68602398,32.56020000
9.72602398,31.66906000
9.76602398,30.77792000
9.80602398,29.88678000
9.84602398,29.88678000
9.88602398,28.99564000
9.92602398,28.99564000
9.96602398,28.10144000
10.00602398,28.10144000
10.04602398,26.31916000
10.08602398,25.42802000
10.12602398,25.42802000
10.16602398,24.53688000
10.20602398,24.53688000
10.24602398,23.64574000
10.28602398,21.86041000
10.32602398,21.86041000
10.36602398,21.86041000
10.40602398,20.96927000
10.44602398,20.07813000
10.48602398,19.18699000
10.52602398,19.18699000
10.56602398,18.29585000
10.60602398,17.40165000
10.64602398,17.40165000
10.68602398,15.61937000
10.72602398,15.61937000
10.76602398,14.72823000
10.80602398,14.72823000
10.84602398,13.83709000
10.88602398,12.94595000
10.92602398,12.05481000
10.96602398,11.16062000
11.00602397,10.26948000
11.04602397,10.26948000
11.08602397,9.37833800
11.12602397,8.48719700
11.16602397,7.59605700
11.20602397,7.59605700
11.24602397,6.70491600
11.28602397,4.91958400
11.32602397,4.91958400
11.36602397,4.91958400
11.40602397,3.13730300
11.44602397,3.13730300
11.48602397,2.24616200
11.52602397,1.35502200
11.56602397,0.46388130
11.60602397,-0.42725910
11.64602397,-0.42725910
11.68602397,-2.20954000
11.72602397,-2.20954000
11.76602397,-3.10068000
11.80602397,-3.10068000
11.84602397,-3.99182100
11.88602397,-4.88296100
11.92602397,-5.77715400
11.96602397,-6.66829400
12.00602397,-7.55943400
12.04602397,-7.55943400
12.08602397,-9.34171500
12.12602397,-10.23286000
12.16602397,-10.23286000
12.20602397,-11.12705000
12.24602397,-12.01819000
12.28602397,-12.90933000
12.32602397,-13.80047000
12.36602397,-13.80047000
12.40602397,-14.69161000
12.44602397,-15.58275000
12.48602397,-16.47389000
12.52602397,-17.36808000
12.56602397,-17.36808000
12.60602397,-18.25922000
12.64602396,-18.25922000
12.68602396,-19.15036000
12.72602396,-20.93265000
12.76602396,-20.93265000
12.80602396,-20.93265000
12.84602396,-23.60912000
12.88602396,-23.60912000
12.92602396,-24.50026000
12.96602396,-24.50026000
13.00602396,-24.50026000
13.04602396,-26.28254000
13.08602396,-27.17368000
13.12602396,-28.06787000
13.16602396,-28.06787000
13.20602396,-28.95901000
13.24602396,-29.85015000
13.28602396,-29.85015000
13.32602396,-30.74129000
13.36602396,-31.63244000
13.40602396,-31.63244000
13.44602396,-32.52357000
13.48602396,-33.41471000
13.52602396,-34.30891000
13.56602396,-35.20005000
13.60602396,-35.20005000
13.64602396,-36.09119000
13.68602396,-36.98233000
13.72602396,-37.87347000
13.76602396,-37.87347000
13.80602396,-38.76461000
13.84602396,-39.65880000
13.88602396,-41.44109000
13.92602396,-39.65880000
13.96602396,-41.44109000
14.00602396,-42.33222000
14.04602396,-43.22336000
14.08602396,-43.22336000
14.12602396,-43.22336000
14.16602396,-45.00565000
14.20602396,-45.00565000
14.24602396,-45.89984000
14.28602395,-46.79098000
14.32602395,-46.79098000
14.36602395,-47.68212000
14.40602395,-48.57326000
14.44602395,-49.46440000
14.48602395,-49.46440000
14.52602395,-49.46440000
14.56602395,-50.35554000
14.60602395,-51.24973000
14.64602395,-52.14087000
14.68602395,-53.03201000
14.72602395,-53.03201000
14.76602395,-53.92315000
14.80602395,-53.92315000
14.84602395,-53.92315000
14.88602395,-55.70544000
14.92602395,-55.70544000
14.96602395,-56.59963000
15.00602395,-56.59963000
15.04602395,-57.49076000
15.08602395,-57.49076000
15.12602395,-58.38191000
15.16602395,-59.27305000
15.20602395,-59.27305000
15.24602395,-60.16419000
15.28602395,-60.16419000
15.32602395,-61.05533000
15.36602395,-61.05533000
15.40602395,-62.84066000
15.44602395,-61.94647000
15.48602395,-63.73180000
15.52602395,-63.73180000
15.56602395,-63.73180000
15.60602395,-64.62294000
15.64602395,-65.51408000
15.68602395,-66.40523000
15.72602395,-66.40523000
15.76602395,-66.40523000
15.80602395,-66.40523000
15.84602395,-67.29636000
15.88602395,-67.29636000
15.92602394,-68.19056000
15.96602394,-68.19056000
16.00602394,-69.08170000
16.04602394,-68.19056000
16.08602394,-69.97284000
16.12602394,-70.86398000
16.16602394,-70.86398000
16.20602394,-70.86398000
16.24602394,-70.86398000
16.28602394,-70.86398000
16.32602394,-70.86398000
16.36602394,-71.75512000
16.40602394,-71.75512000
16.44602394,-72.64626000
16.48602394,-73.53740000
16.52602394,-73.53740000
16.56602394,-73.53740000
16.60602394,-74.43159000
16.64602394,-72.64626000
16.68602394,-77.10501000
16.72602394,-75.32274000
16.76602394,-74.43159000
16.80602394,-75.32274000
16.84602394,-76.21387000
16.88602394,-76.21387000
16.92602394,-76.21387000
16.96602394,-77.10501000
17.00602394,-77.10501000
17.04602394,-77.10501000
17.08602394,-77.99615000
17.12602394,-77.10501000
17.16602394,-77.99615000
17.20602394,-77.99615000
17.24602394,-77.99615000
17.28602394,-77.99615000
17.32602394,-77.99615000
17.36602394,-77.99615000
17.40602394,-77.99615000
17.44602394,-78.88729000
17.48602394,-77.99615000
17.52602394,-78.88729000
17.56602393,-78.88729000
17.60602393,-78.88729000
17.64602393,-78.88729000
17.68602393,-78.88729000
17.72602393,-79.78149000
17.76602393,-80.67262000
17.80602393,-80.67262000
17.84602393,-80.67262000
17.88602393,-79.78149000
17.92602393,-80.67262000
17.96602393,-80.67262000
18.00602393,-80.67262000
18.04602393,-80.67262000
18.08602393,-80.67262000
18.12602393,-80.67262000
18.16602393,-80.67262000
18.20602393,-80.67262000
18.24602393,-80.67262000
18.28602393,-80.67262000
18.32602393,-80.67262000
18.36602393,-80.67262000
18.40602393,-80.67262000
18.44602393,-80.67262000
18.48602393,-81.56377000
18.52602393,-80.67262000
18.56602393,-79.78149000
18.60602393,-80.67262000
18.64602393,-80.67262000
18.68602393,-80.67262000
18.72602393,-80.67262000
18.76602393,-80.67262000
18.80602393,-79.78149000
18.84602393,-78.88729000
18.88602393,-78.88729000
18.92602393,-79.78149000
18.96602393,-78.88729000
19.00602393,-78.88729000
19.04602393,-78.88729000
19.08602393,-78.88729000
19.12602393,-78.88729000
19.16602393,-78.88729000
19.20602393,-78.88729000
19.24602392,-78.88729000
19.28602392,-78.88729000
19.32602392,-78.88729000
19.36602392,-77.99615000
19.40602392,-77.99615000
19.44602392,-77.99615000
19.48602392,-77.99615000
19.52602392,-77.99615000
19.56602392,-77.10501000
19.60602392,-77.10501000
19.64602392,-77.10501000
19.68602392,-76.21387000
19.72602392,-75.32274000
19.76602392,-76.21387000
19.80602392,-75.32274000
19.84602392,-75.32274000
19.88602392,-75.32274000
19.92602392,-75.32274000
19.96602392,-74.43159000
20.00602392,-74.43159000
20.04602392,-74.43159000
20.08602392,-74.43159000
20.12602392,-73.53740000
20.16602392,-73.53740000
20.20602392,-73.53740000
20.24602392,-72.64626000
20.28602392,-71.75512000
20.32602392,-71.75512000
20.36602392,-71.75512000
20.40602392,-70.86398000
20.44602392,-70.86398000
20.48602392,-70.86398000
20.52602392,-69.97284000
20.56602392,-69.97284000
20.60602392,-69.97284000
20.64602392,-68.19056000
20.68602392,-68.19056000
20.72602392,-68.19056000
20.76602392,-67.29636000
20.80602392,-67.29636000
20.84602392,-67.29636000
20.88602391,-66.40523000
20.92602391,-66.40523000
20.96602391,-63.73180000
21.00602391,-64.62294000
21.04602391,-64.62294000
21.08602391,-64.62294000
21.12602391,-63.73180000
21.16602391,-63.73180000
21.20602391,-62.84066000
21.24602391,-61.94647000
21.28602391,-61.94647000
21.32602391,-61.05533000
21.36602391,-60.16419000
21.40602391,-60.16419000
21.44602391,-60.16419000
21.48602391,-60.16419000
21.52602391,-59.27305000
21.56602391,-57.49076000
21.60602391,-57.49076000
21.64602391,-56.59963000
21.68602391,-56.59963000
21.72602391,-55.70544000
21.76602391,-55.70544000
21.80602391,-55.70544000
21.84602391,-53.92315000
21.88602391,-53.03201000
21.92602391,-53.03201000
21.96602391,-53.03201000
22.00602391,-52.14087000
22.04602391,-51.24973000
22.08602391,-51.24973000
22.12602391,-50.35554000
22.16602391,-49.46440000
22.20602391,-48.57326000
22.24602391,-48.57326000
22.28602391,-47.68212000
22.32602391,-46.79098000
22.36602391,-46.79098000
22.40602391,-45.89984000
22.44602391,-45.89984000
22.48602391,-45.00565000
22.52602390,-45.00565000
22.56602390,-45.00565000
22.60602390,-42.33222000
22.64602390,-42.33222000
22.68602390,-42.33222000
22.72602390,-41.44109000
22.76602390,-40.54994000
22.80602390,-39.65880000
22.84602390,-38.76461000
22.88602390,-38.76461000
22.92602390,-38.76461000
22.96602390,-37.87347000
23.00602390,-36.09119000
23.04602390,-36.09119000
23.08602390,-35.20005000
23.12602390,-35.20005000
23.16602390,-33.41471000
23.20602390,-32.52357000
23.24602390,-31.63244000
23.28602390,-31.63244000
23.32602390,-31.63244000
23.36602390,-30.74129000
23.40602390,-28.95901000
23.44602390,-28.06787000
23.48602390,-28.95901000
23.52602390,-26.28254000
23.56602390,-25.39140000
23.60602390,-28.06787000
23.64602390,-25.39140000
23.68602390,-24.50026000
23.72602390,-23.60912000
23.76602390,-23.60912000
23.80602390,-23.60912000
23.84602390,-21.82379000
23.88602390,-20.93265000
23.92602390,-20.93265000
23.96602390,-20.04151000
24.00602390,-20.04151000
24.04602390,-18.25922000
24.08602390,-17.36808000
24.12602390,-17.36808000
24.16602389,-17.36808000
24.20602389,-15.58275000
24.24602389,-14.69161000
24.28602389,-13.80047000
24.32602389,-13.80047000
24.36602389,-12.90933000
24.40602389,-12.01819000
24.44602389,-11.12705000
24.48602389,-10.23286000
24.52602389,-10.23286000
24.56602389,-9.34171500
24.60602389,-7.55943400
24.64602389,-6.66829400
24.68602389,-6.66829400
24.72602389,-6.66829400
24.76602389,-4.88296100
24.80602389,-4.88296100
24.84602389,-3.10068000
24.88602389,-3.10068000
24.92602389,-3.10068000
24.96602389,-2.20954000
25.00602389,-0.42725910
25.04602389,-0.42725910
25.08602389,0.46388130
25.12602389,0.46388130
25.16602389,1.35502200
25.20602389,3.13730300
25.24602389,3.13730300
25.28602389,4.02844300
25.32602389,4.02844300
25.36602389,4.91958400
25.40602389,6.70491600
25.44602389,7.59605700
25.48602389,7.59605700
25.52602389,7.59605700
25.56602389,8.48719700
25.60602389,10.26948000
25.64602389,10.26948000
25.68602389,11.16062000
25.72602389,12.05481000
25.76602389,12.05481000
25.80602388,12.94595000
25.84602388,13.83709000
25.88602388,14.72823000
25.92602388,14.72823000
25.96602388,15.61937000
26.00602388,17.40165000
26.04602388,17.40165000
26.08602388,18.29585000
26.12602388,18.29585000
26.16602388,19.18699000
26.20602388,20.07813000
26.24602388,20.96927000
26.28602388,20.96927000
26.32602388,21.86041000
26.36602388,21.86041000
26.40602388,22.75155000
26.44602388,23.64574000
26.48602388,24.53688000
26.52602388,25.42802000
26.56602388,26.31916000
26.60602388,26.31916000
26.64602388,26.31916000
26.68602388,27.21030000
26.72602388,28.99564000
26.76602388,28.99564000
26.80602388,28.99564000
26.84602388,28.99564000
26.88602388,30.77792000
26.92602388,31.66906000
26.96602388,31.66906000
27.00602388,32.56020000
27.04602388,32.56020000
27.08602388,33.45134000
27.12602388,35.23667000
27.16602388,35.23667000
27.20602388,36.12781000
27.24602388,36.12781000
27.28602388,36.12781000
27.32602388,37.01895000
27.36602388,37.91009000
27.40602388,38.80123000
27.44602387,38.80123000
27.48602387,39.69238000
27.52602387,39.69238000
27.56602387,39.69238000
27.60602387,40.58657000
27.64602387,40.58657000
27.68602387,42.36885000
27.72602387,43.25999000
27.76602387,43.25999000
27.80602387,43.25999000
27.84602387,44.15113000
27.88602387,44.15113000
27.92602387,45.04227000
27.96602387,45.93341000
28.00602387,45.93341000
28.04602387,45.93341000
28.08602387,46.82760000
28.12602387,46.82760000
28.16602387,46.82760000
28.20602387,47.71874000
28.24602387,48.60988000
28.28602387,49.50102000
28.32602387,49.50102000
28.36602387,49.50102000
28.40602387,50.39216000
28.44602387,50.39216000
28.48602387,51.28331000
28.52602387,51.28331000
28.56602387,52.17749000
28.60602387,53.06863000
28.64602387,53.06863000
28.68602387,53.06863000
28.72602387,53.95978000
28.76602387,53.95978000
28.80602387,53.95978000
28.84602387,53.95978000
28.88602387,54.85092000
28.92602387,55.74205000
28.96602387,54.85092000
29.00602387,56.63320000
29.04602387,56.63320000
29.08602386,56.63320000
29.12602386,57.52739000
29.16602386,57.52739000
29.20602386,57.52739000
29.24602386,57.52739000
29.28602386,57.52739000
29.32602386,58.41853000
29.36602386,58.41853000
29.40602386,58.41853000
29.44602386,59.30967000
29.48602386,59.30967000
29.52602386,59.30967000
29.56602386,60.20081000
29.60602386,60.20081000
29.64602386,60.20081000
29.68602386,60.20081000
29.72602386,61.09195000
29.76602386,61.09195000
29.80602386,61.09195000
29.84602386,61.09195000
29.88602386,61.09195000
29.92602386,61.09195000
29.96602386,61.09195000
30.00602386,61.98309000
30.04602386,61.98309000
30.08602386,61.98309000
30.12602386,61.98309000
30.16602386,61.98309000
30.20602386,61.98309000
30.24602386,61.98309000
30.28602386,63.76843000
30.32602386,62.87423000
30.36602386,63.76843000
30.40602386,63.76843000
30.44602386,63.76843000
30.48602386,63.76843000
30.52602386,63.76843000
30.56602386,63.76843000
30.60602386,63.76843000
30.64602386,63.76843000
30.68602386,63.76843000
30.72602386,63.76843000
30.76602385,63.76843000
30.80602385,63.76843000
30.84602385,63.76843000
30.88602385,63.76843000
30.92602385,62.87423000
30.96602385,63.76843000
31.00602385,63.76843000
31.04602385,63.76843000
31.08602385,63.76843000
31.12602385,63.76843000
31.16602385,63.76843000
31.20602385,62.87423000
31.24602385,63.76843000
31.28602385,62.87423000
31.32602385,61.98309000
31.36602385,62.87423000
31.40602385,61.98309000
31.44602385,61.98309000
31.48602385,61.98309000
31.52602385,61.98309000
31.56602385,61.09195000
31.60602385,62.87423000
31.64602385,62.87423000
31.68602385,60.20081000
31.72602385,61.09195000
31.76602385,61.09195000
31.80602385,61.09195000
31.84602385,61.09195000
31.88602385,61.09195000
31.92602385,60.20081000
31.96602385,61.09195000
32.00602385,61.09195000
32.04602385,60.20081000
32.08602385,60.20081000
32.12602385,60.20081000
32.16602385,59.30967000
32.20602385,59.30967000
32.24602385,58.41853000
32.28602385,58.41853000
32.32602385,58.41853000
32.36602385,57.52739000
32.40602384,57.52739000
32.44602384,57.52739000
32.48602384,56.63320000
32.52602384,57.52739000
32.56602384,57.52739000
32.60602384,56.63320000
32.64602384,56.63320000
32.68602384,55.74205000
32.72602384,54.85092000
32.76602384,54.85092000
32.80602384,54.85092000
32.84602384,53.95978000
32.88602384,53.95978000
32.92602384,53.95978000
32.96602384,53.95978000
33.00602384,53.06863000
33.04602384,53.06863000
33.08602384,51.28331000
33.12602384,51.28331000
33.16602384,51.28331000
33.20602384,50.39216000
33.24602384,50.39216000
33.28602384,49.50102000
33.32602384,49.50102000
33.36602384,49.50102000
33.40602384,48.60988000
33.44602384,47.71874000
33.48602384,47.71874000
33.52602384,46.82760000
33.56602384,46.82760000
33.60602384,46.82760000
33.64602384,45.93341000
33.68602384,45.93341000
33.72602384,45.04227000
33.76602384,45.04227000
33.80602384,44.15113000
33.84602384,43.25999000
33.88602384,43.25999000
33.92602384,42.36885000
33.96602384,42.36885000
34.00602384,41.47770000
34.04602383,40.58657000
34.08602383,40.58657000
34.12602383,39.69238000
34.16602383,39.69238000
34.20602383,38.80123000
34.24602383,38.80123000
34.28602383,37.91009000
34.32602383,37.01895000
34.36602383,36.12781000
34.40602383,36.12781000
34.44602383,36.12781000
34.48602383,35.23667000
34.52602383,34.34248000
34.56602383,33.45134000
34.60602383,32.56020000
34.64602383,32.56020000
34.68602383,32.56020000
34.72602383,31.66906000
34.76602383,31.66906000
34.80602383,29.88678000
34.84602383,29.88678000
34.88602383,28.99564000
34.92602383,28.99564000
34.96602383,28.10144000
35.00602383,28.10144000
35.04602383,26.31916000
35.08602383,25.42802000
35.12602383,25.42802000
35.16602383,25.42802000
35.20602383,24.53688000
35.24602383,23.64574000
35.28602383,22.75155000
35.32602383,21.86041000
35.36602383,21.86041000
35.40602383,20.96927000
35.44602383,20.96927000
35.48602383,19.18699000
35.52602383,18.29585000
35.56602383,18.29585000
35.60602383,17.40165000
35.64602383,17.40165000
35.68602382,15.61937000
35.72602382,14.72823000
35.76602382,15.61937000
35.80602382,13.83709000
35.84602382,12.94595000
35.88602382,13.83709000
35.92602382,12.05481000
35.96602382,11.16062000
36.00602382,10.26948000
36.04602382,10.26948000
36.08602382,9.37833800
36.12602382,8.48719700
36.16602382,7.59605700
36.20602382,7.59605700
36.24602382,6.70491600
36.28602382,6.70491600
36.32602382,4.91958400
36.36602382,4.02844300
36.40602382,4.02844300
36.44602382,3.13730300
36.48602382,3.13730300
36.52602382,1.35502200
36.56602382,0.46388130
36.60602382,0.46388130
36.64602382,-0.42725910
36.68602382,-0.42725910
36.72602382,-2.20954000
36.76602382,-3.10068000
36.80602382,-3.10068000
36.84602382,-3.99182100
36.88602382,-4.88296100
36.92602382,-6.66829400
36.96602382,-6.66829400
37.00602382,-7.55943400
37.04602382,-7.55943400
37.08602382,-9.34171500
37.12602382,-9.34171500
37.16602382,-10.23286000
37.20602382,-11.12705000
37.24602382,-12.01819000
37.28602382,-12.90933000
37.32602381,-12.90933000
37.36602381,-13.80047000
37.40602381,-14.69161000
37.44602381,-14.69161000
37.48602381,-15.58275000
37.52602381,-17.36808000
37.56602381,-17.36808000
37.60602381,-18.25922000
37.64602381,-18.25922000
37.68602381,-19.15036000
37.72602381,-20.04151000
37.76602381,-20.93265000
37.80602381,-20.93265000
37.84602381,-21.82379000
37.88602381,-22.71798000
37.92602381,-23.60912000
37.96602381,-24.50026000
38.00602381,-25.39140000
38.04602381,-25.39140000
38.08602381,-26.28254000
38.12602381,-28.06787000
38.16602381,-28.06787000
38.20602381,-28.06787000
38.24602381,-28.06787000
38.28602381,-31.63244000
38.32602381,-31.63244000
38.36602381,-29.85015000
38.40602381,-31.63244000
38.44602381,-32.52357000
38.48602381,-34.30891000
38.52602381,-34.30891000
38.56602381,-35.20005000
38.60602381,-35.20005000
38.64602381,-36.09119000
38.68602381,-37.87347000
38.72602381,-37.87347000
38.76602381,-38.76461000
38.80602381,-38.76461000
38.84602381,-39.65880000
38.88602381,-40.54994000
38.92602381,-40.54994000
38.96602380,-41.44109000
39.00602380,-42.33222000
39.04602380,-42.33222000
39.08602380,-43.22336000
39.12602380,-44.11451000
39.16602380,-45.00565000
39.20602380,-45.89984000
39.24602380,-45.89984000
39.28602380,-45.89984000
39.32602380,-46.79098000
39.36602380,-47.68212000
39.40602380,-48.57326000
39.44602380,-48.57326000
39.48602380,-49.46440000
39.52602380,-49.46440000
39.56602380,-50.35554000
39.60602380,-50.35554000
39.64602380,-52.14087000
39.68602380,-52.14087000
39.72602380,-53.03201000
39.76602380,-53.92315000
39.80602380,-53.92315000
39.84602380,-54.81429000
39.88602380,-55.70544000
39.92602380,-55.70544000
39.96602380,-56.59963000
40.00602380,-56.59963000
40.04602380,-56.59963000
40.08602380,-57.49076000
40.12602380,-59.27305000
40.16602380,-59.27305000
40.20602380,-59.27305000
40.24602380,-60.16419000
40.28602380,-60.16419000
40.32602380,-60.16419000
40.36602380,-61.05533000
40.40602380,-62.84066000
40.44602380,-62.84066000
40.48602380,-63.73180000
40.52602380,-63.73180000
40.56602380,-64.62294000
40.60602379,-64.62294000
40.64602379,-64.62294000
40.68602379,-64.62294000
40.72602379,-66.40523000
40.76602379,-66.40523000
40.80602379,-66.40523000
40.84602379,-67.29636000
40.88602379,-67.29636000
40.92602379,-67.29636000
40.96602379,-68.19056000
41.00602379,-68.19056000
41.04602379,-69.08170000
41.08602379,-69.08170000
41.12602379,-69.97284000
41.16602379,-70.86398000
41.20602379,-70.86398000
41.24602379,-70.86398000
41.28602379,-70.86398000
41.32602379,-71.75512000
41.36602379,-72.64626000
41.40602379,-71.75512000
41.44602379,-73.53740000
41.48602379,-73.53740000
41.52602379,-73.53740000
41.56602379,-73.53740000
41.60602379,-74.43159000
41.64602379,-74.43159000
41.68602379,-74.43159000
41.72602379,-74.43159000
41.76602379,-74.43159000
41.80602379,-75.32274000
41.84602379,-75.32274000
41.88602379,-75.32274000
41.92602379,-75.32274000
41.96602379,-76.21387000
42.00602379,-76.21387000
42.04602379,-77.10501000
42.08602379,-77.10501000
42.12602379,-77.99615000
42.16602379,-77.99615000
42.20602379,-77.99615000
42.24602378,-77.99615000
42.28602378,-77.99615000
42.32602378,-77.99615000
42.36602378,-77.99615000
42.40602378,-77.99615000
42.44602378,-78.88729000
42.48602378,-78.88729000
42.52602378,-78.88729000
42.56602378,-78.88729000
42.60602378,-78.88729000
42.64602378,-78.88729000
42.68602378,-78.88729000
42.72602378,-78.88729000
42.76602378,-79.78149000
42.80602378,-79.78149000
42.84602378,-80.67262000
42.88602378,-80.67262000
42.92602378,-79.78149000
42.96602378,-80.67262000
43.00602378,-80.67262000
43.04602378,-80.67262000
43.08602378,-80.67262000
43.12602378,-80.67262000
43.16602378,-80.67262000
43.20602378,-80.67262000
43.24602378,-80.67262000
43.28602378,-80.67262000
43.32602378,-80.67262000
43.36602378,-80.67262000
43.40602378,-81.56377000
43.44602378,-79.78149000
43.48602378,-81.56377000
43.52602378,-80.67262000
43.56602378,-79.78149000
43.60602378,-80.67262000
43.64602378,-80.67262000
43.68602378,-80.67262000
43.72602378,-80.67262000
43.76602378,-79.78149000
43.80602378,-79.78149000
43.84602378,-80.67262000
43.88602378,-79.78149000
43.92602377,-79.78149000
43.96602377,-78.88729000
44.00602377,-78.88729000
44.04602377,-78.88729000
44.08602377,-78.88729000
44.12602377,-78.88729000
44.16602377,-78.88729000
44.20602377,-78.88729000
44.24602377,-77.99615000
44.28602377,-78.88729000
44.32602377,-77.99615000
44.36602377,-77.99615000
44.40602377,-77.99615000
44.44602377,-77.99615000
44.48602377,-77.99615000
44.52602377,-77.10501000
44.56602377,-77.10501000
44.60602377,-77.10501000
44.64602377,-77.10501000
44.68602377,-76.21387000
44.72602377,-76.21387000
44.76602377,-76.21387000
44.80602377,-75.32274000
44.84602377,-75.32274000
44.88602377,-75.32274000
44.92602377,-74.43159000
44.96602377,-74.43159000
45.00602377,-74.43159000
45.04602377,-74.43159000
45.08602377,-74.43159000
45.12602377,-73.53740000
45.16602377,-73.53740000
45.20602377,-72.64626000
45.24602377,-72.64626000
45.28602377,-71.75512000
45.32602377,-71.75512000
45.36602377,-70.86398000
45.40602377,-70.86398000
45.44602377,-70.86398000
45.48602377,-70.86398000
45.52602377,-69.97284000
45.56602376,-69.08170000
45.60602376,-68.19056000
45.64602376,-68.19056000
45.68602376,-68.19056000
45.72602376,-68.19056000
45.76602376,-67.29636000
45.80602376,-67.29636000
45.84602376,-67.29636000
45.88602376,-66.40523000
45.92602376,-66.40523000
45.96602376,-66.40523000
46.00602376,-64.62294000
46.04602376,-64.62294000
46.08602376,-63.73180000
46.12602376,-63.73180000
46.16602376,-62.84066000
46.20602376,-61.94647000
46.24602376,-62.84066000
46.28602376,-62.84066000
46.32602376,-60.16419000
46.36602376,-61.05533000
46.40602376,-61.94647000
46.44602376,-59.27305000
46.48602376,-59.27305000
46.52602376,-57.49076000
46.56602376,-57.49076000
46.60602376,-57.49076000
46.64602376,-57.49076000
46.68602376,-56.59963000
46.72602376,-55.70544000
46.76602376,-55.70544000
46.80602376,-54.81429000
46.84602376,-53.92315000
46.88602376,-53.92315000
46.92602376,-53.03201000
46.96602376,-53.03201000
47.00602376,-52.14087000
47.04602376,-51.24973000
47.08602376,-50.35554000
47.12602376,-50.35554000
47.16602376,-49.46440000
47.20602375,-49.46440000
47.24602375,-48.57326000
47.28602375,-47.68212000
47.32602375,-46.79098000
47.36602375,-46.79098000
47.40602375,-45.89984000
47.44602375,-45.89984000
47.48602375,-45.00565000
47.52602375,-44.11451000
47.56602375,-43.22336000
47.60602375,-43.22336000
47.64602375,-42.33222000
47.68602375,-42.33222000
47.72602375,-41.44109000
47.76602375,-40.54994000
47.80602375,-39.65880000
47.84602375,-38.76461000
47.88602375,-38.76461000
47.92602375,-37.87347000
47.96602375,-36.98233000
48.00602375,-36.09119000
48.04602375,-35.20005000
48.08602375,-35.20005000
48.12602375,-34.30891000
48.16602375,-33.41471000
48.20602375,-32.52357000
48.24602375,-32.52357000
48.28602375,-31.63244000
48.32602375,-30.74129000
48.36602375,-30.74129000
48.40602375,-28.95901000
48.44602375,-28.95901000
48.48602375,-28.06787000
48.52602375,-28.06787000
48.56602375,-28.06787000
48.60602375,-26.28254000
48.64602375,-25.39140000
48.68602375,-24.50026000
48.72602375,-24.50026000
48.76602375,-23.60912000
48.80602375,-23.60912000
48.84602374,-21.82379000
48.88602374,-21.82379000
48.92602374,-20.93265000
48.96602374,-20.04151000
49.00602374,-18.25922000
49.04602374,-18.25922000
49.08602374,-17.36808000
49.12602374,-16.47389000
49.16602374,-16.47389000
49.20602374,-15.58275000
49.24602374,-14.69161000
49.28602374,-13.80047000
49.32602374,-13.80047000
49.36602374,-12.90933000
49.40602374,-12.01819000
49.44602374,-11.12705000
49.48602374,-10.23286000
49.52602374,-10.23286000
49.56602374,-9.34171500
49.60602374,-7.55943400
49.64602374,-7.55943400
49.68602374,-6.66829400
49.72602374,-6.66829400
49.76602374,-5.77715400
49.80602374,-3.99182100
49.84602374,-3.10068000
49.88602374,-3.10068000
49.92602374,-2.20954000
49.96602374,-1.31840000
50.00602374,-0.42725910
50.04602374,-0.42725910
50.08602374,0.46388130
50.12602374,0.46388130
50.16602374,2.24616200
50.20602374,3.13730300
50.24602374,4.02844300
50.28602374,4.02844300
50.32602374,4.91958400
50.36602374,6.70491600
50.40602374,6.70491600
50.44602374,6.70491600
50.48602373,7.59605700
50.52602373,8.48719700
50.56602373,8.48719700
50.60602373,10.26948000
50.64602373,11.16062000
50.68602373,10.26948000
50.72602373,11.16062000
50.76602373,12.94595000
50.80602373,12.94595000
50.84602373,13.83709000
50.88602373,14.72823000
50.92602373,14.72823000
50.96602373,15.61937000
51.00602373,16.51051000
51.04602373,17.40165000
51.08602373,18.29585000
51.12602373,18.29585000
51.16602373,19.18699000
51.20602373,20.07813000
51.24602373,20.96927000
51.28602373,21.86041000
51.32602373,21.86041000
51.36602373,22.75155000
51.40602373,23.64574000
51.44602373,24.53688000
51.48602373,25.42802000
51.52602373,25.42802000
51.56602373,25.42802000
51.60602373,26.31916000
51.64602373,27.21030000
51.68602373,28.10144000
51.72602373,28.10144000
51.76602373,28.99564000
51.80602373,29.88678000
51.84602373,29.88678000
51.88602373,31.66906000
51.92602373,31.66906000
51.96602373,31.66906000
52.00602373,32.56020000
52.04602373,33.45134000
52.08602373,33.45134000
52.12602372,33.45134000
52.16602372,35.23667000
52.20602372,35.23667000
52.24602372,36.12781000
52.28602372,36.12781000
52.32602372,37.01895000
52.36602372,37.01895000
52.40602372,38.80123000
52.44602372,38.80123000
52.48602372,39.69238000
52.52602372,39.69238000
52.56602372,40.58657000
52.60602372,40.58657000
52.64602372,42.36885000
52.68602372,42.36885000
52.72602372,42.36885000
52.76602372,43.25999000
52.80602372,43.25999000
52.84602372,44.15113000
52.88602372,44.15113000
52.92602372,45.04227000
52.96602372,45.93341000
53.00602372,45.93341000
53.04602372,46.82760000
53.08602372,46.82760000
53.12602372,46.82760000
53.16602372,46.82760000
53.20602372,47.71874000
53.24602372,50.39216000
53.28602372,46.82760000
53.32602372,48.60988000
53.36602372,49.50102000
53.40602372,50.39216000
53.44602372,51.28331000
53.48602372,51.28331000
53.52602372,50.39216000
53.56602372,52.17749000
53.60602372,53.06863000
53.64602372,53.06863000
53.68602372,53.06863000
53.72602372,53.95978000
53.76602371,53.95978000
53.80602371,53.95978000
53.84602371,54.85092000
53.88602371,54.85092000
53.92602371,55.74205000
53.96602371,55.74205000
54.00602371,56.63320000
54.04602371,56.63320000
54.08602371,56.63320000
54.12602371,57.52739000
54.16602371,57.52739000
54.20602371,57.52739000
54.24602371,57.52739000
54.28602371,57.52739000
54.32602371,58.41853000
54.36602371,59.30967000
54.40602371,58.41853000
54.44602371,59.30967000
54.48602371,59.30967000
54.52602371,59.30967000
54.56602371,60.20081000
54.60602371,60.20081000
54.64602371,60.20081000
54.68602371,60.20081000
54.72602371,61.09195000
54.76602371,61.09195000
54.80602371,61.09195000
54.84602371,61.09195000
54.88602371,61.09195000
54.92602371,61.09195000
54.96602371,61.98309000
55.00602371,61.09195000
55.04602371,61.98309000
55.08602371,61.98309000
55.12602371,61.98309000
55.16602371,61.98309000
55.20602371,61.98309000
55.24602371,61.98309000
55.28602371,62.87423000
55.32602371,63.76843000
55.36602371,63.76843000
55.40602371,63.76843000
55.44602370,63.76843000
55.48602370,63.76843000
55.52602370,63.76843000
55.56602370,62.87423000
55.60602370,63.76843000
55.64602370,63.76843000
55.68602370,63.76843000
55.72602370,63.76843000
55.76602370,63.76843000
55.80602370,63.76843000
55.84602370,63.76843000
55.88602370,63.76843000
55.92602370,63.76843000
55.96602370,63.76843000
56.00602370,63.76843000
56.04602370,63.76843000
56.08602370,63.76843000
56.12602370,62.87423000
56.16602370,63.76843000
56.20602370,63.76843000
56.24602370,62.87423000
56.28602370,62.87423000
56.32602370,63.76843000
56.36602370,63.76843000
56.40602370,61.98309000
56.44602370,61.98309000
56.48602370,62.87423000
56.52602370,61.98309000
56.56602370,61.98309000
56.60602370,61.98309000
56.64602370,61.98309000
56.68602370,61.09195000
56.72602370,61.09195000
56.76602370,61.09195000
56.80602370,61.09195000
56.84602370,61.09195000
56.88602370,61.09195000
56.92602370,61.09195000
56.96602370,60.20081000
57.00602370,61.09195000
57.04602370,60.20081000
57.08602369,60.20081000
57.12602369,60.20081000
57.16602369,60.20081000
57.20602369,59.30967000
57.24602369,58.41853000
57.28602369,58.41853000
57.32602369,58.41853000
57.36602369,58.41853000
57.40602369,57.52739000
57.44602369,57.52739000
57.48602369,57.52739000
57.52602369,57.52739000
57.56602369,56.63320000
57.60602369,56.63320000
57.64602369,56.63320000
57.68602369,55.74205000
57.72602369,55.74205000
57.76602369,54.85092000
57.80602369,53.95978000
57.84602369,53.95978000
57.88602369,53.95978000
57.92602369,53.95978000
57.96602369,53.06863000
58.00602369,53.06863000
58.04602369,52.17749000
58.08602369,53.06863000
58.12602369,52.17749000
58.16602369,51.28331000
58.20602369,50.39216000
58.24602369,50.39216000
58.28602369,50.39216000
58.32602369,50.39216000
58.36602369,49.50102000
58.40602369,48.60988000
58.44602369,46.82760000
58.48602369,47.71874000
58.52602369,48.60988000
58.56602369,46.82760000
58.60602369,45.93341000
58.64602369,45.93341000
58.68602369,45.93341000
58.72602368,45.93341000
58.76602368,44.15113000
58.80602368,44.15113000
58.84602368,43.25999000
58.88602368,43.25999000
58.92602368,42.36885000
58.96602368,42.36885000
59.00602368,42.36885000
59.04602368,40.58657000
59.08602368,40.58657000
59.12602368,39.69238000
59.16602368,39.69238000
59.20602368,38.80123000
59.24602368,38.80123000
59.28602368,38.80123000
59.32602368,37.01895000
59.36602368,37.01895000
59.40602368,36.12781000
59.44602368,36.12781000
59.48602368,35.23667000
59.52602368,35.23667000
59.56602368,33.45134000
59.60602368,33.45134000
59.64602368,32.56020000
59.68602368,32.56020000
59.72602368,31.66906000
59.76602368,31.66906000
59.80602368,30.77792000
59.84602368,29.88678000
59.88602368,28.99564000
59.92602368,28.99564000
59.96602368,28.10144000
60.00602368,28.10144000
60.04602368,26.31916000
60.08602368,26.31916000
60.12602368,25.42802000
60.16602368,25.42802000
60.20602368,24.53688000
60.24602368,23.64574000
60.28602368,22.75155000
60.32602368,21.86041000
60.36602367,21.86041000
60.40602367,21.86041000
60.44602367,19.18699000
60.48602367,19.18699000
60.52602367,19.18699000
60.56602367,18.29585000
60.60602367,17.40165000
60.64602367,17.40165000
60.68602367,16.51051000
60.72602367,14.72823000
60.76602367,14.72823000
60.80602367,13.83709000
60.84602367,13.83709000
60.88602367,12.05481000
60.92602367,12.05481000
60.96602367,12.05481000
61.00602367,11.16062000
61.04602367,10.26948000
61.08602367,9.37833800
61.12602367,8.48719700
61.16602367,8.48719700
61.20602367,6.70491600
61.24602367,4.91958400
61.28602367,7.59605700
61.32602367,4.91958400
61.36602367,4.02844300
61.40602367,4.02844300
61.44602367,3.13730300
61.48602367,2.24616200
61.52602367,2.24616200
61.56602367,0.46388130
61.60602367,0.46388130
61.64602367,-0.42725910
61.68602367,-1.31840000
61.72602367,-2.20954000
61.76602367,-2.20954000
61.80602367,-3.10068000
61.84602367,-3.99182100
61.88602367,-3.99182100
61.92602367,-5.77715400
61.96602367,-6.66829400
62.00602366,-6.66829400
62.04602366,-7.55943400
62.08602366,-8.45057600
62.12602366,-10.23286000
62.16602366,-10.23286000
62.20602366,-11.12705000
62.24602366,-11.12705000
62.28602366,-12.01819000
62.32602366,-12.90933000
62.36602366,-13.80047000
62.40602366,-14.69161000
62.44602366,-14.69161000
62.48602366,-16.47389000
62.52602366,-16.47389000
62.56602366,-17.36808000
62.60602366,-18.25922000
62.64602366,-19.15036000
62.68602366,-19.15036000
62.72602366,-20.04151000
62.76602366,-20.93265000
62.80602366,-20.93265000
62.84602366,-21.82379000
62.88602366,-23.60912000
62.92602366,-23.60912000
62.96602366,-24.50026000
63.00602366,-24.50026000
63.04602366,-25.39140000
63.08602366,-26.28254000
63.12602366,-27.17368000
63.16602366,-28.06787000
63.20602366,-28.06787000
63.24602366,-28.95901000
63.28602366,-30.74129000
63.32602366,-30.74129000
63.36602366,-31.63244000
63.40602366,-32.52357000
63.44602366,-32.52357000
63.48602366,-33.41471000
63.52602366,-35.20005000
63.56602366,-35.20005000
63.60602366,-35.20005000
63.64602365,-36.09119000
63.68602365,-37.87347000
63.72602365,-37.87347000
63.76602365,-38.76461000
63.80602365,-38.76461000
63.84602365,-39.65880000
63.88602365,-39.65880000
63.92602365,-41.44109000
63.96602365,-41.44109000
64.00602365,-42.33222000
64.04602365,-43.22336000
64.08602365,-43.22336000
64.12602365,-43.22336000
64.16602365,-45.00565000
64.20602365,-45.00565000
64.24602365,-45.89984000
64.28602365,-46.79098000
64.32602365,-46.79098000
64.36602365,-47.68212000
64.40602365,-48.57326000
64.44602365,-48.57326000
64.48602365,-49.46440000
64.52602365,-50.35554000
64.56602365,-50.35554000
64.60602365,-51.24973000
64.64602365,-52.14087000
64.68602365,-53.03201000
64.72602365,-53.03201000
64.76602365,-53.03201000
64.80602365,-53.92315000
64.84602365,-54.81429000
64.88602365,-55.70544000
64.92602365,-55.70544000
64.96602365,-56.59963000
65.00602365,-56.59963000
65.04602365,-57.49076000
65.08602365,-57.49076000
65.12602365,-58.38191000
65.16602365,-59.27305000
65.20602365,-59.27305000
65.24602365,-60.16419000
65.28602364,-60.16419000
65.32602364,-61.05533000
65.36602364,-61.05533000
65.40602364,-63.73180000
65.44602364,-61.05533000
65.48602364,-61.94647000
65.52602364,-63.73180000
65.56602364,-63.73180000
65.60602364,-64.62294000
65.64602364,-64.62294000
65.68602364,-64.62294000
65.72602364,-66.40523000
65.76602364,-67.29636000
65.80602364,-66.40523000
65.84602364,-67.29636000
65.88602364,-67.29636000
65.92602364,-67.29636000
65.96602364,-67.29636000
66.00602364,-68.19056000
66.04602364,-69.08170000
66.08602364,-69.97284000
66.12602364,-69.97284000
66.16602364,-69.97284000
66.20602364,-70.86398000
66.24602364,-70.86398000
66.28602364,-70.86398000
66.32602364,-71.75512000
66.36602364,-71.75512000
66.40602364,-71.75512000
66.44602364,-71.75512000
66.48602364,-73.53740000
66.52602364,-73.53740000
66.56602364,-73.53740000
66.60602364,-74.43159000
66.64602364,-74.43159000
66.68602364,-74.43159000
66.72602364,-74.43159000
66.76602364,-74.43159000
66.80602364,-75.32274000
66.84602364,-75.32274000
66.88602364,-75.32274000
66.92602364,-75.32274000
66.96602363,-76.21387000
67.00602363,-76.21387000
67.04602363,-77.10501000
67.08602363,-77.10501000
67.12602363,-77.10501000
67.16602363,-77.99615000
67.20602363,-77.99615000
67.24602363,-77.99615000
67.28602363,-77.99615000
67.32602363,-77.99615000
67.36602363,-77.99615000
67.40602363,-77.99615000
67.44602363,-78.88729000
67.48602363,-77.99615000
67.52602363,-78.88729000
67.56602363,-78.88729000
67.60602363,-78.88729000
67.64602363,-78.88729000
67.68602363,-78.88729000
67.72602363,-78.88729000
67.76602363,-78.88729000
67.80602363,-79.78149000
67.84602363,-80.67262000
67.88602363,-77.99615000
67.92602363,-81.56377000
67.96602363,-81.56377000
68.00602363,-78.88729000
68.04602363,-79.78149000
68.08602363,-79.78149000
68.12602363,-80.67262000
68.16602363,-81.56377000
68.20602363,-81.56377000
68.24602363,-80.67262000
68.28602363,-80.67262000
68.32602363,-80.67262000
68.36602363,-81.56377000
68.40602363,-80.67262000
68.44602363,-80.67262000
68.48602363,-80.67262000
68.52602363,-80.67262000
68.56602363,-80.67262000
68.60602362,-80.67262000
68.64602362,-79.78149000
68.68602362,-79.78149000
68.72602362,-80.67262000
68.76602362,-79.78149000
68.80602362,-79.78149000
68.84602362,-78.88729000
68.88602362,-78.88729000
68.92602362,-78.88729000
68.96602362,-78.88729000
69.00602362,-78.88729000
69.04602362,-78.88729000
69.08602362,-78.88729000
69.12602362,-78.88729000
69.16602362,-77.99615000
69.20602362,-78.88729000
69.24602362,-78.88729000
69.28602362,-77.99615000
69.32602362,-77.99615000
69.36602362,-77.99615000
69.40602362,-77.99615000
69.44602362,-77.99615000
69.48602362,-77.10501000
69.52602362,-77.10501000
69.56602362,-77.10501000
69.60602362,-77.10501000
69.64602362,-77.10501000
69.68602362,-76.21387000
69.72602362,-76.21387000
69.76602362,-75.32274000
69.80602362,-75.32274000
69.84602362,-75.32274000
69.88602362,-75.32274000
69.92602362,-74.43159000
69.96602362,-74.43159000
70.00602362,-74.43159000
70.04602362,-74.43159000
70.08602362,-73.53740000
70.12602362,-73.53740000
70.16602362,-73.53740000
70.20602362,-72.64626000
70.24602361,-72.64626000
70.28602361,-71.75512000
70.32602361,-71.75512000
70.36602361,-70.86398000
70.40602361,-70.86398000
70.44602361,-70.86398000
70.48602361,-70.86398000
70.52602361,-69.97284000
70.56602361,-69.08170000
70.60602361,-69.08170000
70.64602361,-68.19056000
70.68602361,-68.19056000
70.72602361,-68.19056000
70.76602361,-67.29636000
70.80602361,-67.29636000
70.84602361,-67.29636000
70.88602361,-65.51408000
70.92602361,-66.40523000
70.96602361,-65.51408000
71.00602361,-64.62294000
71.04602361,-64.62294000
71.08602361,-63.73180000
71.12602361,-63.73180000
71.16602361,-62.84066000
71.20602361,-62.84066000
71.24602361,-61.94647000
71.28602361,-61.05533000
71.32602361,-61.05533000
71.36602361,-60.16419000
71.40602361,-60.16419000
71.44602361,-59.27305000
71.48602361,-59.27305000
71.52602361,-59.27305000
71.56602361,-57.49076000
71.60602361,-57.49076000
71.64602361,-56.59963000
71.68602361,-56.59963000
71.72602361,-55.70544000
71.76602361,-55.70544000
71.80602361,-54.81429000
71.84602361,-53.92315000
71.88602360,-53.92315000
71.92602360,-53.03201000
71.96602360,-52.14087000
72.00602360,-52.14087000
72.04602360,-51.24973000
72.08602360,-50.35554000
72.12602360,-50.35554000
72.16602360,-49.46440000
72.20602360,-49.46440000
72.24602360,-48.57326000
72.28602360,-48.57326000
72.32602360,-47.68212000
72.36602360,-45.89984000
72.40602360,-45.89984000
72.44602360,-45.00565000
72.48602360,-45.00565000
72.52602360,-44.11451000
72.56602360,-43.22336000
72.60602360,-42.33222000
72.64602360,-42.33222000
72.68602360,-41.44109000
72.72602360,-41.44109000
72.76602360,-39.65880000
72.80602360,-39.65880000
72.84602360,-38.76461000
72.88602360,-38.76461000
72.92602360,-36.98233000
72.96602360,-36.98233000
73.00602360,-36.09119000
73.04602360,-35.20005000
73.08602360,-35.20005000
73.12602360,-33.41471000
73.16602360,-31.63244000
73.20602360,-34.30891000
73.24602360,-32.52357000
73.28602360,-31.63244000
73.32602360,-30.74129000
73.36602360,-29.85015000
73.40602360,-28.95901000
73.44602360,-28.06787000
73.48602360,-28.06787000
73.52602359,-28.06787000
73.56602359,-27.17368000
73.60602359,-25.39140000
73.64602359,-25.39140000
73.68602359,-24.50026000
73.72602359,-24.50026000
73.76602359,-23.60912000
73.80602359,-21.82379000
73.84602359,-21.82379000
73.88602359,-20.93265000
73.92602359,-20.04151000
73.96602359,-20.04151000
74.00602359,-18.25922000
74.04602359,-18.25922000
74.08602359,-17.36808000
74.12602359,-17.36808000
74.16602359,-16.47389000
74.20602359,-14.69161000
74.24602359,-14.69161000
74.28602359,-13.80047000
74.32602359,-13.80047000
74.36602359,-12.90933000
74.40602359,-12.01819000
74.44602359,-11.12705000
74.48602359,-10.23286000
74.52602359,-10.23286000
74.56602359,-8.45057600
74.60602359,-7.55943400
74.64602359,-6.66829400
74.68602359,-6.66829400
74.72602359,-6.66829400
74.76602359,-4.88296100
74.80602359,-3.99182100
74.84602359,-3.99182100
74.88602359,-3.10068000
74.92602359,-2.20954000
74.96602359,-1.31840000
75.00602359,-0.42725910
75.04602359,0.46388130
75.08602359,0.46388130
75.12602359,0.46388130
75.16602358,1.35502200
75.20602358,3.13730300
75.24602358,3.13730300
75.28602358,4.02844300
75.32602358,4.91958400
75.36602358,4.91958400
75.40602358,6.70491600
75.44602358,7.59605700
75.48602358,7.59605700
75.52602358,8.48719700
75.56602358,9.37833800
75.60602358,10.26948000
75.64602358,10.26948000
75.68602358,11.16062000
75.72602358,12.05481000
75.76602358,12.94595000
75.80602358,13.83709000
75.84602358,14.72823000
75.88602358,14.72823000
75.92602358,14.72823000
75.96602358,14.72823000
76.00602358,18.29585000
76.04602358,17.40165000
76.08602358,17.40165000
76.12602358,19.18699000
76.16602358,19.18699000
76.20602358,20.96927000
76.24602358,20.96927000
76.28602358,21.86041000
76.32602358,21.86041000
76.36602358,21.86041000
76.40602358,23.64574000
76.44602358,24.53688000
76.48602358,24.53688000
76.52602358,25.42802000
76.56602358,26.31916000
76.60602358,26.31916000
76.64602358,27.21030000
76.68602358,28.10144000
76.72602358,28.99564000
76.76602358,28.99564000
76.80602357,28.99564000
76.84602357,29.88678000
76.88602357,31.66906000
76.92602357,31.66906000
76.96602357,32.56020000
77.00602357,32.56020000
77.04602357,32.56020000
77.08602357,33.45134000
77.12602357,35.23667000
77.16602357,35.23667000
77.20602357,36.12781000
77.24602357,36.12781000
77.28602357,36.12781000
77.32602357,37.01895000
77.36602357,37.91009000
77.40602357,38.80123000
77.44602357,38.80123000
77.48602357,39.69238000
77.52602357,39.69238000
77.56602357,40.58657000
77.60602357,40.58657000
77.64602357,42.36885000
77.68602357,42.36885000
77.72602357,42.36885000
77.76602357,43.25999000
77.80602357,43.25999000
77.84602357,44.15113000
77.88602357,44.15113000
77.92602357,45.93341000
77.96602357,45.93341000
78.00602357,45.93341000
78.04602357,46.82760000
78.08602357,46.82760000
78.12602357,46.82760000
78.16602357,47.71874000
78.20602357,47.71874000
78.24602357,48.60988000
78.28602357,49.50102000
78.32602357,49.50102000
78.36602357,50.39216000
78.40602357,50.39216000
78.44602356,50.39216000
78.48602356,51.28331000
78.52602356,52.17749000
78.56602356,52.17749000
78.60602356,53.06863000
78.64602356,53.06863000
78.68602356,53.06863000
78.72602356,53.95978000
78.76602356,53.95978000
78.80602356,53.95978000
78.84602356,54.85092000
78.88602356,54.85092000
78.92602356,54.85092000
78.96602356,56.63320000
79.00602356,56.63320000
79.04602356,56.63320000
79.08602356,57.52739000
79.12602356,57.52739000
79.16602356,57.52739000
79.20602356,57.52739000
79.24602356,57.52739000
79.28602356,58.41853000
79.32602356,59.30967000
79.36602356,58.41853000
79.40602356,58.41853000
79.44602356,59.30967000
79.48602356,59.30967000
79.52602356,59.30967000
79.56602356,60.20081000
79.60602356,60.20081000
79.64602356,60.20081000
79.68602356,61.09195000
79.72602356,61.09195000
79.76602356,61.09195000
79.80602356,61.09195000
79.84602356,61.09195000
79.88602356,61.09195000
79.92602356,61.09195000
79.96602356,61.09195000
80.00602356,61.98309000
80.04602356,61.98309000
80.08602356,61.98309000
80.12602355,62.87423000
80.16602355,62.87423000
80.20602355,62.87423000
80.24602355,62.87423000
80.28602355,64.65956000
80.32602355,63.76843000
80.36602355,61.98309000
80.40602355,63.76843000
80.44602355,63.76843000
80.48602355,63.76843000
80.52602355,63.76843000
80.56602355,63.76843000
80.60602355,63.76843000
80.64602355,63.76843000
80.68602355,63.76843000
80.72602355,63.76843000
80.76602355,63.76843000
80.80602355,63.76843000
80.84602355,63.76843000
80.88602355,63.76843000
80.92602355,63.76843000
80.96602355,63.76843000
81.00602355,63.76843000
81.04602355,63.76843000
81.08602355,63.76843000
81.12602355,63.76843000
81.16602355,63.76843000
81.20602355,63.76843000
81.24602355,63.76843000
81.28602355,63.76843000
81.32602355,62.87423000
81.36602355,62.87423000
81.40602355,62.87423000
81.44602355,62.87423000
81.48602355,63.76843000
81.52602355,61.98309000
81.56602355,61.98309000
81.60602355,61.98309000
81.64602355,61.98309000
81.68602355,61.09195000
81.72602355,61.09195000
81.76602354,61.09195000
81.80602354,61.09195000
81.84602354,61.09195000
81.88602354,61.09195000
81.92602354,61.09195000
81.96602354,60.20081000
82.00602354,61.09195000
82.04602354,60.20081000
82.08602354,60.20081000
82.12602354,60.20081000
82.16602354,60.20081000
82.20602354,59.30967000
82.24602354,58.41853000
82.28602354,58.41853000
82.32602354,58.41853000
82.36602354,58.41853000
82.40602354,57.52739000
82.44602354,57.52739000
82.48602354,57.52739000
82.52602354,57.52739000
82.56602354,57.52739000
82.60602354,56.63320000
82.64602354,56.63320000
82.68602354,55.74205000
82.72602354,55.74205000
82.76602354,54.85092000
82.80602354,54.85092000
82.84602354,55.74205000
82.88602354,51.28331000
82.92602354,53.95978000
82.96602354,54.85092000
83.00602354,53.06863000
83.04602354,53.06863000
83.08602354,52.17749000
83.12602354,51.28331000
83.16602354,52.17749000
83.20602354,50.39216000
83.24602354,50.39216000
83.28602354,50.39216000
83.32602354,49.50102000
83.36602354,49.50102000
83.40602353,49.50102000
83.44602353,48.60988000
83.48602353,47.71874000
83.52602353,47.71874000
83.56602353,47.71874000
83.60602353,46.82760000
83.64602353,46.82760000
83.68602353,45.93341000
83.72602353,45.93341000
83.76602353,45.04227000
83.80602353,44.15113000
83.84602353,44.15113000
83.88602353,43.25999000
83.92602353,43.25999000
83.96602353,43.25999000
84.00602353,42.36885000
84.04602353,41.47770000
84.08602353,40.58657000
84.12602353,40.58657000
84.16602353,39.69238000
84.20602353,39.69238000
84.24602353,38.80123000
84.28602353,38.80123000
84.32602353,37.91009000
84.36602353,37.01895000
84.40602353,36.12781000
84.44602353,36.12781000
84.48602353,35.23667000
84.52602353,34.34248000
84.56602353,33.45134000
84.60602353,33.45134000
84.64602353,32.56020000
84.68602353,32.56020000
84.72602353,31.66906000
84.76602353,30.77792000
84.80602353,30.77792000
84.84602353,29.88678000
84.88602353,28.99564000
84.92602353,28.99564000
84.96602353,28.10144000
85.00602353,28.10144000
85.04602352,27.21030000
85.08602352,26.31916000
85.12602352,25.42802000
85.16602352,25.42802000
85.20602352,24.53688000
85.24602352,23.64574000
85.28602352,22.75155000
85.32602352,22.75155000
85.36602352,21.86041000
85.40602352,20.96927000
85.44602352,20.96927000
85.48602352,20.07813000
85.52602352,19.18699000
85.56602352,18.29585000
85.60602352,17.40165000
85.64602352,17.40165000
85.68602352,16.51051000
85.72602352,14.72823000
85.76602352,14.72823000
85.80602352,13.83709000
85.84602352,13.83709000
85.88602352,12.94595000
85.92602352,12.05481000
85.96602352,11.16062000
86.00602352,11.16062000
86.04602352,10.26948000
86.08602352,10.26948000
86.12602352,8.48719700
86.16602352,7.59605700
86.20602352,7.59605700
86.24602352,6.70491600
86.28602352,6.70491600
86.32602352,5.81072400
86.36602352,4.91958400
86.40602352,4.02844300
86.44602352,3.13730300
86.48602352,3.13730300
86.52602352,1.35502200
86.56602352,1.35502200
86.60602352,0.46388130
86.64602352,-0.42725910
86.68602351,-0.42725910
86.72602351,-2.20954000
86.76602351,-3.10068000
86.80602351,-3.10068000
86.84602351,-3.99182100
86.88602351,-5.77715400
86.92602351,-5.77715400
86.96602351,-6.66829400
87.00602351,-7.55943400
87.04602351,-7.55943400
87.08602351,-8.45057600
87.12602351,-9.34171500
87.16602351,-10.23286000
87.20602351,-11.12705000
87.24602351,-11.12705000
87.28602351,-12.01819000
87.32602351,-12.90933000
87.36602351,-13.80047000
87.40602351,-13.80047000
87.44602351,-14.69161000
87.48602351,-15.58275000
87.52602351,-16.47389000
87.56602351,-17.36808000
87.60602351,-17.36808000
87.64602351,-18.25922000
87.68602351,-19.15036000
87.72602351,-20.04151000
87.76602351,-20.93265000
87.80602351,-21.82379000
87.84602351,-21.82379000
87.88602351,-23.60912000
87.92602351,-24.50026000
87.96602351,-24.50026000
88.00602351,-24.50026000
88.04602351,-25.39140000
88.08602351,-28.06787000
88.12602351,-28.06787000
88.16602351,-27.17368000
88.20602351,-28.06787000
88.24602351,-28.95901000
88.28602351,-29.85015000
88.32602350,-30.74129000
88.36602350,-31.63244000
88.40602350,-31.63244000
88.44602350,-32.52357000
88.48602350,-33.41471000
88.52602350,-34.30891000
88.56602350,-35.20005000
88.60602350,-35.20005000
88.64602350,-36.09119000
88.68602350,-36.09119000
88.72602350,-37.87347000
88.76602350,-37.87347000
88.80602350,-38.76461000
88.84602350,-39.65880000
88.88602350,-39.65880000
88.92602350,-40.54994000
88.96602350,-41.44109000
89.00602350,-42.33222000
89.04602350,-42.33222000
89.08602350,-43.22336000
89.12602350,-43.22336000
89.16602350,-45.00565000
89.20602350,-45.00565000
89.24602350,-45.89984000
89.28602350,-45.89984000
89.32602350,-46.79098000
89.36602350,-46.79098000
89.40602350,-47.68212000
89.44602350,-48.57326000
89.48602350,-49.46440000
89.52602350,-50.35554000
89.56602350,-50.35554000
89.60602350,-50.35554000
89.64602350,-52.14087000
89.68602350,-53.03201000
89.72602350,-53.03201000
89.76602350,-53.03201000
89.80602350,-53.92315000
89.84602350,-53.92315000
89.88602350,-55.70544000
89.92602350,-55.70544000
89.96602349,-56.59963000
90.00602349,-56.59963000
90.04602349,-57.49076000
90.08602349,-57.49076000
90.12602349,-57.49076000
90.16602349,-59.27305000
90.20602349,-59.27305000
90.24602349,-60.16419000
90.28602349,-60.16419000
90.32602349,-61.05533000
90.36602349,-61.05533000
90.40602349,-61.94647000
90.44602349,-62.84066000
90.48602349,-63.73180000
90.52602349,-63.73180000
90.56602349,-63.73180000
90.60602349,-63.73180000
90.64602349,-64.62294000
90.68602349,-64.62294000
90.72602349,-65.51408000
90.76602349,-66.40523000
90.80602349,-67.29636000
90.84602349,-65.51408000
90.88602349,-67.29636000
90.92602349,-69.08170000
90.96602349,-67.29636000
91.00602349,-68.19056000
91.04602349,-68.19056000
91.08602349,-69.08170000
91.12602349,-69.97284000
91.16602349,-70.86398000
91.20602349,-70.86398000
91.24602349,-70.86398000
91.28602349,-70.86398000
91.32602349,-71.75512000
91.36602349,-71.75512000
91.40602349,-71.75512000
91.44602349,-72.64626000
91.48602349,-72.64626000
91.52602349,-73.53740000
91.56602349,-73.53740000
91.60602349,-74.43159000
91.64602348,-74.43159000
91.68602348,-74.43159000
91.72602348,-74.43159000
91.76602348,-74.43159000
91.80602348,-75.32274000
91.84602348,-75.32274000
91.88602348,-75.32274000
91.92602348,-76.21387000
91.96602348,-76.21387000
92.00602348,-77.10501000
92.04602348,-77.10501000
92.08602348,-77.10501000
92.12602348,-77.10501000
92.16602348,-77.99615000
92.20602348,-77.99615000
92.24602348,-77.10501000
92.28602348,-77.99615000
92.32602348,-77.99615000
92.36602348,-77.99615000
92.40602348,-77.99615000
92.44602348,-77.99615000
92.48602348,-77.99615000
92.52602348,-78.88729000
92.56602348,-78.88729000
92.60602348,-78.88729000
92.64602348,-78.88729000
92.68602348,-78.88729000
92.72602348,-78.88729000
92.76602348,-78.88729000
92.80602348,-79.78149000
92.84602348,-80.67262000
92.88602348,-78.88729000
92.92602348,-79.78149000
92.96602348,-80.67262000
93.00602348,-80.67262000
93.04602348,-80.67262000
93.08602348,-80.67262000
93.12602348,-80.67262000
93.16602348,-80.67262000
93.20602348,-80.67262000
93.24602348,-80.67262000
93.28602347,-80.67262000
93.32602347,-80.67262000
93.36602347,-80.67262000
93.40602347,-80.67262000
93.44602347,-80.67262000
93.48602347,-80.67262000
93.52602347,-80.67262000
93.56602347,-80.67262000
93.60602347,-80.67262000
93.64602347,-79.78149000
93.68602347,-80.67262000
93.72602347,-80.67262000
93.76602347,-79.78149000
93.80602347,-79.78149000
93.84602347,-79.78149000
93.88602347,-78.88729000
93.92602347,-78.88729000
93.96602347,-78.88729000
94.00602347,-78.88729000
94.04602347,-78.88729000
94.08602347,-78.88729000
94.12602347,-78.88729000
94.16602347,-78.88729000
94.20602347,-77.99615000
94.24602347,-77.99615000
94.28602347,-77.99615000
94.32602347,-77.99615000
94.36602347,-77.99615000
94.40602347,-77.99615000
94.44602347,-77.99615000
94.48602347,-77.99615000
94.52602347,-77.10501000
94.56602347,-77.10501000
94.60602347,-76.21387000
94.64602347,-76.21387000
94.68602347,-76.21387000
94.72602347,-75.32274000
94.76602347,-75.32274000
94.80602347,-75.32274000
94.84602347,-75.32274000
94.88602347,-74.43159000
94.92602346,-74.43159000
94.96602346,-74.43159000
95.00602346,-73.53740000
95.04602346,-73.53740000
95.08602346,-74.43159000
95.12602346,-72.64626000
95.16602346,-71.75512000
95.20602346,-72.64626000
95.24602346,-71.75512000
95.28602346,-71.75512000
95.32602346,-71.75512000
95.36602346,-70.86398000
95.40602346,-70.86398000
95.44602346,-70.86398000
95.48602346,-69.97284000
95.52602346,-69.97284000
95.56602346,-69.08170000
95.60602346,-69.08170000
95.64602346,-68.19056000
95.68602346,-68.19056000
95.72602346,-67.29636000
95.76602346,-67.29636000
95.80602346,-67.29636000
95.84602346,-66.40523000
95.88602346,-66.40523000
95.92602346,-66.40523000
95.96602346,-65.51408000
96.00602346,-64.62294000
96.04602346,-64.62294000
96.08602346,-63.73180000
96.12602346,-63.73180000
96.16602346,-63.73180000
96.20602346,-61.94647000
96.24602346,-61.94647000
96.28602346,-61.05533000
96.32602346,-61.05533000
96.36602346,-60.16419000
96.40602346,-60.16419000
96.44602346,-59.27305000
96.48602346,-59.27305000
96.52602346,-59.27305000
96.56602345,-57.49076000
96.60602345,-57.49076000
96.64602345,-56.59963000
96.68602345,-56.59963000
96.72602345,-55.70544000
96.76602345,-54.81429000
96.80602345,-54.81429000
96.84602345,-53.92315000
96.88602345,-53.03201000
96.92602345,-53.03201000
96.96602345,-53.03201000
97.00602345,-52.14087000
97.04602345,-51.24973000
97.08602345,-50.35554000
97.12602345,-50.35554000
97.16602345,-49.46440000
97.20602345,-48.57326000
97.24602345,-48.57326000
97.28602345,-47.68212000
97.32602345,-46.79098000
97.36602345,-45.89984000
97.40602345,-45.89984000
97.44602345,-45.89984000
97.48602345,-45.00565000
97.52602345,-43.22336000
97.56602345,-45.89984000
97.60602345,-42.33222000
97.64602345,-41.44109000
97.68602345,-41.44109000
97.72602345,-41.44109000
97.76602345,-41.44109000
97.80602345,-39.65880000
97.84602345,-38.76461000
97.88602345,-37.87347000
97.92602345,-37.87347000
97.96602345,-36.98233000
98.00602345,-36.09119000
98.04602345,-36.09119000
98.08602345,-35.20005000
98.12602345,-35.20005000
98.16602345,-33.41471000
98.20602344,-32.52357000
98.24602344,-31.63244000
98.28602344,-30.74129000
98.32602344,-31.63244000
98.36602344,-30.74129000
98.40602344,-28.95901000
98.44602344,-28.06787000
98.48602344,-28.06787000
98.52602344,-28.06787000
98.56602344,-26.28254000
98.60602344,-25.39140000
98.64602344,-25.39140000
98.68602344,-24.50026000
98.72602344,-23.60912000
98.76602344,-22.71798000
98.80602344,-21.82379000
98.84602344,-20.93265000
98.88602344,-20.93265000
98.92602344,-20.93265000
98.96602344,-19.15036000
99.00602344,-18.25922000
99.04602344,-17.36808000
99.08602344,-17.36808000
99.12602344,-17.36808000
99.16602344,-15.58275000
99.20602344,-14.69161000
99.24602344,-14.69161000
99.28602344,-13.80047000
99.32602344,-12.90933000
99.36602344,-12.90933000
99.40602344,-11.12705000
99.44602344,-11.12705000
99.48602344,-10.23286000
99.52602344,-10.23286000
99.56602344,-9.34171500
99.60602344,-7.55943400
99.64602344,-7.55943400
99.68602344,-6.66829400
99.72602344,-4.88296100
99.76602344,-4.88296100
99.80602344,-3.99182100
99.84602343,-3.10068000
99.88602343,-3.10068000
99.92602343,-2.20954000
99.96602343,-0.42725910
100.00602343,-0.42725910
