Time,Channel B
(us),(mV)

-100.08609388,-12.26844000
-100.04609388,-12.26844000
-100.00609388,-7.85851600
-99.96609388,-7.85851600
-99.92609388,0.96133300
-99.88609388,0.96133300
-99.84609388,5.37125700
-99.80609388,9.78118100
-99.76609388,14.19111000
-99.72609388,18.60103000
-99.68609388,23.01095000
-99.64609388,23.01095000
-99.60609388,27.42088000
-99.56609388,31.83080000
-99.52609388,36.24073000
-99.48609388,40.65065000
-99.44609388,40.65065000
-99.40609388,45.06058000
-99.36609388,53.89569000
-99.32609388,53.89569000
-99.28609389,58.30561000
-99.24609389,62.71553000
-99.20609389,62.71553000
-99.16609389,71.53539000
-99.12609389,75.94530000
-99.08609389,75.94530000
-99.04609389,80.35523000
-99.00609389,80.35523000
-98.96609389,89.17508000
-98.92609389,89.17508000
-98.88609389,93.58500000
-98.84609389,97.99493000
-98.80609389,97.99493000
-98.76609389,106.83000000
-98.72609389,111.24000000
-98.68609389,111.24000000
-98.64609389,111.24000000
-98.60609389,120.05980000
-98.56609389,124.46970000
-98.52609389,124.46970000
-98.48609389,128.87970000
-98.44609389,133.28960000
-98.40609389,137.69950000
-98.36609389,142.10940000
-98.32609389,142.10940000
-98.28609389,146.53460000
-98.24609389,150.94450000
-98.20609389,150.94450000
-98.16609389,155.35450000
-98.12609389,159.76440000
-98.08609389,164.17430000
-98.04609389,164.17430000
-98.00609389,168.58420000
-97.96609389,168.58420000
-97.92609389,177.40410000
-97.88609389,181.81400000
-97.84609389,181.81400000
-97.80609389,186.22390000
-97.76609389,190.63390000
-97.72609389,195.05900000
-97.68609389,195.05900000
-97.64609390,199.46900000
-97.60609390,199.46900000
-97.56609390,203.87890000
-97.52609390,208.28880000
-97.48609390,212.69870000
-97.44609390,217.10870000
-97.40609390,217.10870000
-97.36609390,217.10870000
-97.32609390,221.51860000
-97.28609390,225.92850000
-97.24609390,230.33840000
-97.20609390,230.33840000
-97.16609390,234.74840000
-97.12609390,239.15830000
-97.08609390,234.74840000
-97.04609390,239.15830000
-97.00609390,243.58350000
-96.96609390,247.99340000
-96.92609390,247.99340000
-96.88609390,252.40330000
-96.84609390,252.40330000
-96.80609390,256.81320000
-96.76609390,261.22310000
-96.72609390,265.63310000
-96.68609390,265.63310000
-96.64609390,270.04300000
-96.60609390,270.04300000
-96.56609390,270.04300000
-96.52609390,274.45290000
-96.48609390,274.45290000
-96.44609390,283.27280000
-96.40609390,283.27280000
-96.36609390,283.27280000
-96.32609390,287.69800000
-96.28609390,287.69800000
-96.24609390,292.10790000
-96.20609390,292.10790000
-96.16609390,296.51780000
-96.12609390,300.92770000
-96.08609390,300.92770000
-96.04609390,300.92770000
-96.00609391,305.33770000
-95.96609391,305.33770000
-95.92609391,305.33770000
-95.88609391,309.74760000
-95.84609391,309.74760000
-95.80609391,309.74760000
-95.76609391,318.56740000
-95.72609391,318.56740000
-95.68609391,318.56740000
-95.64609391,322.97740000
-95.60609391,322.97740000
-95.56609391,322.97740000
-95.52609391,322.97740000
-95.48609391,327.38730000
-95.44609391,331.79720000
-95.40609391,331.79720000
-95.36609391,331.79720000
-95.32609391,331.79720000
-95.28609391,336.22240000
-95.24609391,340.63230000
-95.20609391,336.22240000
-95.16609391,340.63230000
-95.12609391,340.63230000
-95.08609391,340.63230000
-95.04609391,340.63230000
-95.00609391,345.04220000
-94.96609391,345.04220000
-94.92609391,345.04220000
-94.88609391,345.04220000
-94.84609391,345.04220000
-94.80609391,349.45220000
-94.76609391,349.45220000
-94.72609391,349.45220000
-94.68609391,353.86210000
-94.64609391,353.86210000
-94.60609391,353.86210000
-94.56609391,353.86210000
-94.52609391,353.86210000
-94.48609391,358.27200000
-94.44609391,358.27200000
-94.40609391,358.27200000
-94.36609391,358.27200000
-94.32609392,358.27200000
-94.28609392,358.27200000
-94.24609392,358.27200000
-94.20609392,358.27200000
-94.16609392,358.27200000
-94.12609392,358.27200000
-94.08609392,358.27200000
-94.04609392,358.27200000
-94.00609392,358.27200000
-93.96609392,358.27200000
-93.92609392,358.27200000
-93.88609392,362.68190000
-93.84609392,358.27200000
-93.80609392,362.68190000
-93.76609392,358.27200000
-93.72609392,362.68190000
-93.68609392,358.27200000
-93.64609392,358.27200000
-93.60609392,358.27200000
-93.56609392,358.27200000
-93.52609392,358.27200000
-93.48609392,358.27200000
-93.44609392,358.27200000
-93.40609392,358.27200000
-93.36609392,358.27200000
-93.32609392,358.27200000
-93.28609392,358.27200000
-93.24609392,362.68190000
-93.20609392,358.27200000
-93.16609392,358.27200000
-93.12609392,358.27200000
-93.08609392,358.27200000
-93.04609392,358.27200000
-93.00609392,353.86210000
-92.96609392,358.27200000
-92.92609392,353.86210000
-92.88609392,353.86210000
-92.84609392,353.86210000
-92.80609392,353.86210000
-92.76609392,353.86210000
-92.72609392,349.45220000
-92.68609393,349.45220000
-92.64609393,345.04220000
-92.60609393,345.04220000
-92.56609393,345.04220000
-92.52609393,345.04220000
-92.48609393,345.04220000
-92.44609393,345.04220000
-92.40609393,340.63230000
-92.36609393,340.63230000
-92.32609393,340.63230000
-92.28609393,336.22240000
-92.24609393,336.22240000
-92.20609393,336.22240000
-92.16609393,331.79720000
-92.12609393,331.79720000
-92.08609393,327.38730000
-92.04609393,327.38730000
-92.00609393,322.97740000
-91.96609393,322.97740000
-91.92609393,322.97740000
-91.88609393,322.97740000
-91.84609393,322.97740000
-91.80609393,318.56740000
-91.76609393,318.56740000
-91.72609393,318.56740000
-91.68609393,318.56740000
-91.64609393,309.74760000
-91.60609393,309.74760000
-91.56609393,305.33770000
-91.52609393,305.33770000
-91.48609393,305.33770000
-91.44609393,300.92770000
-91.40609393,300.92770000
-91.36609393,296.51780000
-91.32609393,296.51780000
-91.28609393,292.10790000
-91.24609393,287.69800000
-91.20609393,287.69800000
-91.16609393,287.69800000
-91.12609393,283.27280000
-91.08609393,283.27280000
-91.04609394,283.27280000
-91.00609394,278.86290000
-90.96609394,274.45290000
-90.92609394,270.04300000
-90.88609394,270.04300000
-90.84609394,270.04300000
-90.80609394,265.63310000
-90.76609394,265.63310000
-90.72609394,261.22310000
-90.68609394,256.81320000
-90.64609394,252.40330000
-90.60609394,252.40330000
-90.56609394,247.99340000
-90.52609394,247.99340000
-90.48609394,243.58350000
-90.44609394,239.15830000
-90.40609394,234.74840000
-90.36609394,234.74840000
-90.32609394,234.74840000
-90.28609394,230.33840000
-90.24609394,230.33840000
-90.20609394,225.92850000
-90.16609394,221.51860000
-90.12609394,217.10870000
-90.08609394,217.10870000
-90.04609394,212.69870000
-90.00609394,212.69870000
-89.96609394,203.87890000
-89.92609394,203.87890000
-89.88609394,199.46900000
-89.84609394,199.46900000
-89.80609394,195.05900000
-89.76609394,190.63390000
-89.72609394,190.63390000
-89.68609394,186.22390000
-89.64609394,181.81400000
-89.60609394,181.81400000
-89.56609394,177.40410000
-89.52609394,172.99420000
-89.48609394,168.58420000
-89.44609394,164.17430000
-89.40609395,164.17430000
-89.36609395,159.76440000
-89.32609395,155.35450000
-89.28609395,150.94450000
-89.24609395,146.53460000
-89.20609395,146.53460000
-89.16609395,142.10940000
-89.12609395,142.10940000
-89.08609395,133.28960000
-89.04609395,128.87970000
-89.00609395,128.87970000
-88.96609395,124.46970000
-88.92609395,124.46970000
-88.88609395,120.05980000
-88.84609395,111.24000000
-88.80609395,111.24000000
-88.76609395,106.83000000
-88.72609395,106.83000000
-88.68609395,97.99493000
-88.64609395,97.99493000
-88.60609395,93.58500000
-88.56609395,93.58500000
-88.52609395,84.76515000
-88.48609395,80.35523000
-88.44609395,75.94530000
-88.40609395,75.94530000
-88.36609395,75.94530000
-88.32609395,71.53539000
-88.28609395,62.71553000
-88.24609395,58.30561000
-88.20609395,58.30561000
-88.16609395,53.89569000
-88.12609395,49.47050000
-88.08609395,45.06058000
-88.04609395,40.65065000
-88.00609395,40.65065000
-87.96609395,36.24073000
-87.92609395,31.83080000
-87.88609395,27.42088000
-87.84609395,23.01095000
-87.80609395,23.01095000
-87.76609396,18.60103000
-87.72609396,14.19111000
-87.68609396,9.78118100
-87.64609396,5.37125700
-87.60609396,0.96133300
-87.56609396,0.96133300
-87.52609396,-7.85851600
-87.48609396,-7.85851600
-87.44609396,-12.26844000
-87.40609396,-16.67836000
-87.36609396,-21.08829000
-87.32609396,-21.08829000
-87.28609396,-29.90814000
-87.24609396,-29.90814000
-87.20609396,-34.31806000
-87.16609396,-38.72799000
-87.12609396,-43.15317000
-87.08609396,-47.56310000
-87.04609396,-47.56310000
-87.00609396,-51.97302000
-86.96609396,-60.79287000
-86.92609396,-60.79287000
-86.88609396,-65.20279000
-86.84609396,-65.20279000
-86.80609396,-69.61272000
-86.76609396,-78.43256000
-86.72609396,-78.43256000
-86.68609396,-82.84248000
-86.64609396,-87.25241000
-86.60609396,-87.25241000
-86.56609396,-91.67760000
-86.52609396,-100.49750000
-86.48609396,-100.49750000
-86.44609396,-104.90740000
-86.40609396,-109.31730000
-86.36609396,-113.72720000
-86.32609396,-118.13710000
-86.28609396,-118.13710000
-86.24609396,-122.54710000
-86.20609396,-126.95700000
-86.16609396,-131.36690000
-86.12609397,-135.79210000
-86.08609397,-135.79210000
-86.04609397,-140.20200000
-86.00609397,-144.61190000
-85.96609397,-149.02190000
-85.92609397,-153.43180000
-85.88609397,-153.43180000
-85.84609397,-157.84170000
-85.80609397,-157.84170000
-85.76609397,-162.25160000
-85.72609397,-166.66160000
-85.68609397,-171.07150000
-85.64609397,-171.07150000
-85.60609397,-175.48140000
-85.56609397,-179.89130000
-85.52609397,-184.31650000
-85.48609397,-188.72640000
-85.44609397,-188.72640000
-85.40609397,-193.13640000
-85.36609397,-197.54630000
-85.32609397,-201.95620000
-85.28609397,-206.36610000
-85.24609397,-206.36610000
-85.20609397,-210.77610000
-85.16609397,-210.77610000
-85.12609397,-215.18600000
-85.08609397,-219.59590000
-85.04609397,-224.00580000
-85.00609397,-224.00580000
-84.96609397,-224.00580000
-84.92609397,-228.41580000
-84.88609397,-237.25090000
-84.84609397,-237.25090000
-84.80609397,-241.66080000
-84.76609397,-241.66080000
-84.72609397,-241.66080000
-84.68609397,-246.07070000
-84.64609397,-250.48060000
-84.60609397,-254.89060000
-84.56609397,-259.30050000
-84.52609397,-259.30050000
-84.48609398,-263.71040000
-84.44609398,-263.71040000
-84.40609398,-268.12040000
-84.36609398,-268.12040000
-84.32609398,-272.53030000
-84.28609398,-276.95550000
-84.24609398,-276.95550000
-84.20609398,-276.95550000
-84.16609398,-281.36540000
-84.12609398,-285.77530000
-84.08609398,-290.18520000
-84.04609398,-290.18520000
-84.00609398,-294.59520000
-83.96609398,-294.59520000
-83.92609398,-294.59520000
-83.88609398,-299.00510000
-83.84609398,-299.00510000
-83.80609398,-303.41500000
-83.76609398,-307.82490000
-83.72609398,-312.23490000
-83.68609398,-312.23490000
-83.64609398,-312.23490000
-83.60609398,-316.64480000
-83.56609398,-316.64480000
-83.52609398,-316.64480000
-83.48609398,-321.05470000
-83.44609398,-321.05470000
-83.40609398,-325.47990000
-83.36609398,-329.88980000
-83.32609398,-329.88980000
-83.28609398,-329.88980000
-83.24609398,-329.88980000
-83.20609398,-334.29970000
-83.16609398,-334.29970000
-83.12609398,-334.29970000
-83.08609398,-338.70970000
-83.04609398,-338.70970000
-83.00609398,-343.11960000
-82.96609398,-343.11960000
-82.92609398,-347.52950000
-82.88609398,-347.52950000
-82.84609399,-347.52950000
-82.80609399,-347.52950000
-82.76609399,-351.93940000
-82.72609399,-351.93940000
-82.68609399,-351.93940000
-82.64609399,-356.34940000
-82.60609399,-356.34940000
-82.56609399,-356.34940000
-82.52609399,-360.75930000
-82.48609399,-360.75930000
-82.44609399,-360.75930000
-82.40609399,-365.16920000
-82.36609399,-365.16920000
-82.32609399,-365.16920000
-82.28609399,-365.16920000
-82.24609399,-369.57910000
-82.20609399,-365.16920000
-82.16609399,-365.16920000
-82.12609399,-369.57910000
-82.08609399,-369.57910000
-82.04609399,-369.57910000
-82.00609399,-369.57910000
-81.96609399,-369.57910000
-81.92609399,-369.57910000
-81.88609399,-369.57910000
-81.84609399,-374.00430000
-81.80609399,-369.57910000
-81.76609399,-374.00430000
-81.72609399,-374.00430000
-81.68609399,-374.00430000
-81.64609399,-374.00430000
-81.60609399,-378.41420000
-81.56609399,-378.41420000
-81.52609399,-378.41420000
-81.48609399,-378.41420000
-81.44609399,-378.41420000
-81.40609399,-378.41420000
-81.36609399,-378.41420000
-81.32609399,-378.41420000
-81.28609399,-378.41420000
-81.24609399,-378.41420000
-81.20609399,-378.41420000
-81.16609400,-378.41420000
-81.12609400,-378.41420000
-81.08609400,-378.41420000
-81.04609400,-378.41420000
-81.00609400,-378.41420000
-80.96609400,-378.41420000
-80.92609400,-378.41420000
-80.88609400,-378.41420000
-80.84609400,-378.41420000
-80.80609400,-374.00430000
-80.76609400,-374.00430000
-80.72609400,-374.00430000
-80.68609400,-374.00430000
-80.64609400,-374.00430000
-80.60609400,-374.00430000
-80.56609400,-369.57910000
-80.52609400,-369.57910000
-80.48609400,-369.57910000
-80.44609400,-369.57910000
-80.40609400,-369.57910000
-80.36609400,-369.57910000
-80.32609400,-365.16920000
-80.28609400,-365.16920000
-80.24609400,-365.16920000
-80.20609400,-365.16920000
-80.16609400,-365.16920000
-80.12609400,-365.16920000
-80.08609400,-365.16920000
-80.04609400,-360.75930000
-80.00609400,-360.75930000
-79.96609400,-360.75930000
-79.92609400,-360.75930000
-79.88609400,-356.34940000
-79.84609400,-356.34940000
-79.80609400,-351.93940000
-79.76609400,-351.93940000
-79.72609400,-351.93940000
-79.68609400,-347.52950000
-79.64609400,-347.52950000
-79.60609400,-347.52950000
-79.56609400,-347.52950000
-79.52609401,-347.52950000
-79.48609401,-343.11960000
-79.44609401,-343.11960000
-79.40609401,-338.70970000
-79.36609401,-334.29970000
-79.32609401,-334.29970000
-79.28609401,-334.29970000
-79.24609401,-334.29970000
-79.20609401,-329.88980000
-79.16609401,-329.88980000
-79.12609401,-325.47990000
-79.08609401,-325.47990000
-79.04609401,-325.47990000
-79.00609401,-325.47990000
-78.96609401,-316.64480000
-78.92609401,-316.64480000
-78.88609401,-316.64480000
-78.84609401,-312.23490000
-78.80609401,-312.23490000
-78.76609401,-307.82490000
-78.72609401,-303.41500000
-78.68609401,-303.41500000
-78.64609401,-299.00510000
-78.60609401,-299.00510000
-78.56609401,-294.59520000
-78.52609401,-294.59520000
-78.48609401,-294.59520000
-78.44609401,-290.18520000
-78.40609401,-290.18520000
-78.36609401,-281.36540000
-78.32609401,-281.36540000
-78.28609401,-281.36540000
-78.24609401,-276.95550000
-78.20609401,-276.95550000
-78.16609401,-272.53030000
-78.12609401,-268.12040000
-78.08609401,-268.12040000
-78.04609401,-263.71040000
-78.00609401,-259.30050000
-77.96609401,-259.30050000
-77.92609401,-259.30050000
-77.88609402,-254.89060000
-77.84609402,-250.48060000
-77.80609402,-246.07070000
-77.76609402,-246.07070000
-77.72609402,-241.66080000
-77.68609402,-241.66080000
-77.64609402,-237.25090000
-77.60609402,-232.84100000
-77.56609402,-228.41580000
-77.52609402,-224.00580000
-77.48609402,-224.00580000
-77.44609402,-224.00580000
-77.40609402,-219.59590000
-77.36609402,-215.18600000
-77.32609402,-210.77610000
-77.28609402,-206.36610000
-77.24609402,-206.36610000
-77.20609402,-201.95620000
-77.16609402,-201.95620000
-77.12609402,-197.54630000
-77.08609402,-193.13640000
-77.04609402,-188.72640000
-77.00609402,-188.72640000
-76.96609402,-184.31650000
-76.92609402,-184.31650000
-76.88609402,-175.48140000
-76.84609402,-175.48140000
-76.80609402,-171.07150000
-76.76609402,-166.66160000
-76.72609402,-162.25160000
-76.68609402,-157.84170000
-76.64609402,-157.84170000
-76.60609402,-153.43180000
-76.56609402,-153.43180000
-76.52609402,-149.02190000
-76.48609402,-140.20200000
-76.44609402,-140.20200000
-76.40609402,-135.79210000
-76.36609402,-135.79210000
-76.32609402,-126.95700000
-76.28609402,-126.95700000
-76.24609403,-122.54710000
-76.20609403,-118.13710000
-76.16609403,-118.13710000
-76.12609403,-113.72720000
-76.08609403,-104.90740000
-76.04609403,-100.49750000
-76.00609403,-100.49750000
-75.96609403,-96.08752000
-75.92609403,-91.67760000
-75.88609403,-87.25241000
-75.84609403,-87.25241000
-75.80609403,-82.84248000
-75.76609403,-82.84248000
-75.72609403,-74.02264000
-75.68609403,-69.61272000
-75.64609403,-69.61272000
-75.60609403,-65.20279000
-75.56609403,-60.79287000
-75.52609403,-60.79287000
-75.48609403,-51.97302000
-75.44609403,-47.56310000
-75.40609403,-47.56310000
-75.36609403,-43.15317000
-75.32609403,-43.15317000
-75.28609403,-34.31806000
-75.24609403,-29.90814000
-75.20609403,-29.90814000
-75.16609403,-25.49821000
-75.12609403,-16.67836000
-75.08609403,-16.67836000
-75.04609403,-12.26844000
-75.00609403,-7.85851600
-74.96609403,-7.85851600
-74.92609403,0.96133300
-74.88609403,0.96133300
-74.84609403,5.37125700
-74.80609403,9.78118100
-74.76609403,14.19111000
-74.72609403,18.60103000
-74.68609403,23.01095000
-74.64609403,23.01095000
-74.60609404,27.42088000
-74.56609404,36.24073000
-74.52609404,36.24073000
-74.48609404,40.65065000
-74.44609404,40.65065000
-74.40609404,45.06058000
-74.36609404,49.47050000
-74.32609404,53.89569000
-74.28609404,58.30561000
-74.24609404,58.30561000
-74.20609404,67.12546000
-74.16609404,71.53539000
-74.12609404,75.94530000
-74.08609404,75.94530000
-74.04609404,75.94530000
-74.00609404,80.35523000
-73.96609404,89.17508000
-73.92609404,93.58500000
-73.88609404,93.58500000
-73.84609404,97.99493000
-73.80609404,102.42010000
-73.76609404,102.42010000
-73.72609404,106.83000000
-73.68609404,111.24000000
-73.64609404,111.24000000
-73.60609404,115.64990000
-73.56609404,120.05980000
-73.52609404,128.87970000
-73.48609404,128.87970000
-73.44609404,133.28960000
-73.40609404,137.69950000
-73.36609404,142.10940000
-73.32609404,146.53460000
-73.28609404,146.53460000
-73.24609404,146.53460000
-73.20609404,150.94450000
-73.16609404,159.76440000
-73.12609404,159.76440000
-73.08609404,164.17430000
-73.04609404,164.17430000
-73.00609404,168.58420000
-72.96609405,172.99420000
-72.92609405,177.40410000
-72.88609405,181.81400000
-72.84609405,181.81400000
-72.80609405,186.22390000
-72.76609405,190.63390000
-72.72609405,190.63390000
-72.68609405,195.05900000
-72.64609405,199.46900000
-72.60609405,199.46900000
-72.56609405,203.87890000
-72.52609405,208.28880000
-72.48609405,212.69870000
-72.44609405,212.69870000
-72.40609405,217.10870000
-72.36609405,217.10870000
-72.32609405,221.51860000
-72.28609405,225.92850000
-72.24609405,225.92850000
-72.20609405,230.33840000
-72.16609405,234.74840000
-72.12609405,234.74840000
-72.08609405,239.15830000
-72.04609405,239.15830000
-72.00609405,243.58350000
-71.96609405,247.99340000
-71.92609405,247.99340000
-71.88609405,252.40330000
-71.84609405,252.40330000
-71.80609405,256.81320000
-71.76609405,261.22310000
-71.72609405,265.63310000
-71.68609405,265.63310000
-71.64609405,270.04300000
-71.60609405,270.04300000
-71.56609405,270.04300000
-71.52609405,274.45290000
-71.48609405,278.86290000
-71.44609405,283.27280000
-71.40609405,283.27280000
-71.36609405,287.69800000
-71.32609406,287.69800000
-71.28609406,287.69800000
-71.24609406,292.10790000
-71.20609406,292.10790000
-71.16609406,296.51780000
-71.12609406,296.51780000
-71.08609406,300.92770000
-71.04609406,300.92770000
-71.00609406,305.33770000
-70.96609406,305.33770000
-70.92609406,305.33770000
-70.88609406,305.33770000
-70.84609406,309.74760000
-70.80609406,309.74760000
-70.76609406,318.56740000
-70.72609406,318.56740000
-70.68609406,318.56740000
-70.64609406,322.97740000
-70.60609406,322.97740000
-70.56609406,322.97740000
-70.52609406,322.97740000
-70.48609406,327.38730000
-70.44609406,327.38730000
-70.40609406,331.79720000
-70.36609406,331.79720000
-70.32609406,336.22240000
-70.28609406,336.22240000
-70.24609406,336.22240000
-70.20609406,336.22240000
-70.16609406,340.63230000
-70.12609406,340.63230000
-70.08609406,340.63230000
-70.04609406,340.63230000
-70.00609406,345.04220000
-69.96609406,345.04220000
-69.92609406,345.04220000
-69.88609406,345.04220000
-69.84609406,345.04220000
-69.80609406,349.45220000
-69.76609406,349.45220000
-69.72609406,353.86210000
-69.68609406,353.86210000
-69.64609407,353.86210000
-69.60609407,353.86210000
-69.56609407,358.27200000
-69.52609407,358.27200000
-69.48609407,358.27200000
-69.44609407,358.27200000
-69.40609407,358.27200000
-69.36609407,358.27200000
-69.32609407,358.27200000
-69.28609407,358.27200000
-69.24609407,358.27200000
-69.20609407,358.27200000
-69.16609407,358.27200000
-69.12609407,358.27200000
-69.08609407,362.68190000
-69.04609407,358.27200000
-69.00609407,362.68190000
-68.96609407,362.68190000
-68.92609407,358.27200000
-68.88609407,358.27200000
-68.84609407,358.27200000
-68.80609407,362.68190000
-68.76609407,358.27200000
-68.72609407,358.27200000
-68.68609407,362.68190000
-68.64609407,358.27200000
-68.60609407,362.68190000
-68.56609407,358.27200000
-68.52609407,358.27200000
-68.48609407,358.27200000
-68.44609407,358.27200000
-68.40609407,358.27200000
-68.36609407,358.27200000
-68.32609407,358.27200000
-68.28609407,358.27200000
-68.24609407,358.27200000
-68.20609407,358.27200000
-68.16609407,358.27200000
-68.12609407,358.27200000
-68.08609407,353.86210000
-68.04609407,358.27200000
-68.00609408,353.86210000
-67.96609408,358.27200000
-67.92609408,353.86210000
-67.88609408,353.86210000
-67.84609408,353.86210000
-67.80609408,353.86210000
-67.76609408,353.86210000
-67.72609408,353.86210000
-67.68609408,349.45220000
-67.64609408,345.04220000
-67.60609408,345.04220000
-67.56609408,345.04220000
-67.52609408,340.63230000
-67.48609408,340.63230000
-67.44609408,345.04220000
-67.40609408,340.63230000
-67.36609408,340.63230000
-67.32609408,340.63230000
-67.28609408,336.22240000
-67.24609408,336.22240000
-67.20609408,336.22240000
-67.16609408,331.79720000
-67.12609408,331.79720000
-67.08609408,331.79720000
-67.04609408,327.38730000
-67.00609408,327.38730000
-66.96609408,322.97740000
-66.92609408,322.97740000
-66.88609408,322.97740000
-66.84609408,318.56740000
-66.80609408,318.56740000
-66.76609408,318.56740000
-66.72609408,314.15750000
-66.68609408,309.74760000
-66.64609408,309.74760000
-66.60609408,309.74760000
-66.56609408,305.33770000
-66.52609408,305.33770000
-66.48609408,300.92770000
-66.44609408,300.92770000
-66.40609408,300.92770000
-66.36609409,296.51780000
-66.32609409,296.51780000
-66.28609409,296.51780000
-66.24609409,287.69800000
-66.20609409,287.69800000
-66.16609409,287.69800000
-66.12609409,283.27280000
-66.08609409,283.27280000
-66.04609409,283.27280000
-66.00609409,274.45290000
-65.96609409,274.45290000
-65.92609409,270.04300000
-65.88609409,270.04300000
-65.84609409,270.04300000
-65.80609409,265.63310000
-65.76609409,265.63310000
-65.72609409,261.22310000
-65.68609409,256.81320000
-65.64609409,252.40330000
-65.60609409,252.40330000
-65.56609409,252.40330000
-65.52609409,247.99340000
-65.48609409,243.58350000
-65.44609409,239.15830000
-65.40609409,234.74840000
-65.36609409,234.74840000
-65.32609409,234.74840000
-65.28609409,230.33840000
-65.24609409,225.92850000
-65.20609409,221.51860000
-65.16609409,221.51860000
-65.12609409,217.10870000
-65.08609409,217.10870000
-65.04609409,217.10870000
-65.00609409,212.69870000
-64.96609409,203.87890000
-64.92609409,203.87890000
-64.88609409,199.46900000
-64.84609409,199.46900000
-64.80609409,195.05900000
-64.76609409,195.05900000
-64.72609410,186.22390000
-64.68609410,186.22390000
-64.64609410,181.81400000
-64.60609410,177.40410000
-64.56609410,177.40410000
-64.52609410,172.99420000
-64.48609410,168.58420000
-64.44609410,164.17430000
-64.40609410,164.17430000
-64.36609410,159.76440000
-64.32609410,155.35450000
-64.28609410,150.94450000
-64.24609410,146.53460000
-64.20609410,146.53460000
-64.16609410,142.10940000
-64.12609410,142.10940000
-64.08609410,137.69950000
-64.04609410,133.28960000
-64.00609410,128.87970000
-63.96609410,128.87970000
-63.92609410,124.46970000
-63.88609410,115.64990000
-63.84609410,115.64990000
-63.80609410,111.24000000
-63.76609410,106.83000000
-63.72609410,106.83000000
-63.68609410,97.99493000
-63.64609410,97.99493000
-63.60609410,93.58500000
-63.56609410,89.17508000
-63.52609410,89.17508000
-63.48609410,84.76515000
-63.44609410,80.35523000
-63.40609410,75.94530000
-63.36609410,75.94530000
-63.32609410,71.53539000
-63.28609410,62.71553000
-63.24609410,62.71553000
-63.20609410,58.30561000
-63.16609410,53.89569000
-63.12609410,53.89569000
-63.08609411,45.06058000
-63.04609411,40.65065000
-63.00609411,40.65065000
-62.96609411,36.24073000
-62.92609411,36.24073000
-62.88609411,27.42088000
-62.84609411,23.01095000
-62.80609411,18.60103000
-62.76609411,18.60103000
-62.72609411,9.78118100
-62.68609411,9.78118100
-62.64609411,5.37125700
-62.60609411,5.37125700
-62.56609411,0.96133300
-62.52609411,-7.85851600
-62.48609411,-7.85851600
-62.44609411,-12.26844000
-62.40609411,-16.67836000
-62.36609411,-21.08829000
-62.32609411,-25.49821000
-62.28609411,-29.90814000
-62.24609411,-29.90814000
-62.20609411,-34.31806000
-62.16609411,-43.15317000
-62.12609411,-43.15317000
-62.08609411,-47.56310000
-62.04609411,-47.56310000
-62.00609411,-51.97302000
-61.96609411,-56.38294000
-61.92609411,-60.79287000
-61.88609411,-65.20279000
-61.84609411,-69.61272000
-61.80609411,-69.61272000
-61.76609411,-78.43256000
-61.72609411,-78.43256000
-61.68609411,-82.84248000
-61.64609411,-82.84248000
-61.60609411,-87.25241000
-61.56609411,-91.67760000
-61.52609411,-96.08752000
-61.48609411,-100.49750000
-61.44609412,-104.90740000
-61.40609412,-104.90740000
-61.36609412,-113.72720000
-61.32609412,-118.13710000
-61.28609412,-118.13710000
-61.24609412,-122.54710000
-61.20609412,-122.54710000
-61.16609412,-131.36690000
-61.12609412,-135.79210000
-61.08609412,-135.79210000
-61.04609412,-140.20200000
-61.00609412,-144.61190000
-60.96609412,-149.02190000
-60.92609412,-149.02190000
-60.88609412,-153.43180000
-60.84609412,-153.43180000
-60.80609412,-157.84170000
-60.76609412,-162.25160000
-60.72609412,-171.07150000
-60.68609412,-171.07150000
-60.64609412,-171.07150000
-60.60609412,-175.48140000
-60.56609412,-184.31650000
-60.52609412,-184.31650000
-60.48609412,-188.72640000
-60.44609412,-188.72640000
-60.40609412,-193.13640000
-60.36609412,-197.54630000
-60.32609412,-201.95620000
-60.28609412,-206.36610000
-60.24609412,-206.36610000
-60.20609412,-210.77610000
-60.16609412,-210.77610000
-60.12609412,-215.18600000
-60.08609412,-219.59590000
-60.04609412,-219.59590000
-60.00609412,-224.00580000
-59.96609412,-224.00580000
-59.92609412,-228.41580000
-59.88609412,-237.25090000
-59.84609412,-237.25090000
-59.80609413,-241.66080000
-59.76609413,-241.66080000
-59.72609413,-241.66080000
-59.68609413,-246.07070000
-59.64609413,-246.07070000
-59.60609413,-254.89060000
-59.56609413,-259.30050000
-59.52609413,-259.30050000
-59.48609413,-259.30050000
-59.44609413,-263.71040000
-59.40609413,-263.71040000
-59.36609413,-268.12040000
-59.32609413,-272.53030000
-59.28609413,-276.95550000
-59.24609413,-276.95550000
-59.20609413,-276.95550000
-59.16609413,-281.36540000
-59.12609413,-285.77530000
-59.08609413,-285.77530000
-59.04609413,-290.18520000
-59.00609413,-294.59520000
-58.96609413,-294.59520000
-58.92609413,-294.59520000
-58.88609413,-299.00510000
-58.84609413,-299.00510000
-58.80609413,-303.41500000
-58.76609413,-303.41500000
-58.72609413,-307.82490000
-58.68609413,-312.23490000
-58.64609413,-312.23490000
-58.60609413,-312.23490000
-58.56609413,-316.64480000
-58.52609413,-321.05470000
-58.48609413,-321.05470000
-58.44609413,-325.47990000
-58.40609413,-325.47990000
-58.36609413,-329.88980000
-58.32609413,-329.88980000
-58.28609413,-329.88980000
-58.24609413,-329.88980000
-58.20609413,-334.29970000
-58.16609414,-334.29970000
-58.12609414,-338.70970000
-58.08609414,-338.70970000
-58.04609414,-343.11960000
-58.00609414,-343.11960000
-57.96609414,-347.52950000
-57.92609414,-347.52950000
-57.88609414,-347.52950000
-57.84609414,-347.52950000
-57.80609414,-347.52950000
-57.76609414,-351.93940000
-57.72609414,-351.93940000
-57.68609414,-351.93940000
-57.64609414,-351.93940000
-57.60609414,-356.34940000
-57.56609414,-356.34940000
-57.52609414,-360.75930000
-57.48609414,-360.75930000
-57.44609414,-360.75930000
-57.40609414,-360.75930000
-57.36609414,-365.16920000
-57.32609414,-365.16920000
-57.28609414,-365.16920000
-57.24609414,-365.16920000
-57.20609414,-365.16920000
-57.16609414,-365.16920000
-57.12609414,-365.16920000
-57.08609414,-369.57910000
-57.04609414,-369.57910000
-57.00609414,-369.57910000
-56.96609414,-369.57910000
-56.92609414,-374.00430000
-56.88609414,-369.57910000
-56.84609414,-369.57910000
-56.80609414,-374.00430000
-56.76609414,-374.00430000
-56.72609414,-374.00430000
-56.68609414,-374.00430000
-56.64609414,-378.41420000
-56.60609414,-374.00430000
-56.56609414,-374.00430000
-56.52609414,-374.00430000
-56.48609415,-378.41420000
-56.44609415,-378.41420000
-56.40609415,-378.41420000
-56.36609415,-378.41420000
-56.32609415,-378.41420000
-56.28609415,-378.41420000
-56.24609415,-378.41420000
-56.20609415,-378.41420000
-56.16609415,-378.41420000
-56.12609415,-378.41420000
-56.08609415,-378.41420000
-56.04609415,-378.41420000
-56.00609415,-378.41420000
-55.96609415,-378.41420000
-55.92609415,-374.00430000
-55.88609415,-374.00430000
-55.84609415,-378.41420000
-55.80609415,-374.00430000
-55.76609415,-374.00430000
-55.72609415,-374.00430000
-55.68609415,-374.00430000
-55.64609415,-369.57910000
-55.60609415,-369.57910000
-55.56609415,-374.00430000
-55.52609415,-374.00430000
-55.48609415,-369.57910000
-55.44609415,-369.57910000
-55.40609415,-369.57910000
-55.36609415,-369.57910000
-55.32609415,-365.16920000
-55.28609415,-365.16920000
-55.24609415,-365.16920000
-55.20609415,-365.16920000
-55.16609415,-365.16920000
-55.12609415,-365.16920000
-55.08609415,-365.16920000
-55.04609415,-360.75930000
-55.00609415,-360.75930000
-54.96609415,-360.75930000
-54.92609415,-360.75930000
-54.88609415,-356.34940000
-54.84609416,-351.93940000
-54.80609416,-351.93940000
-54.76609416,-351.93940000
-54.72609416,-351.93940000
-54.68609416,-347.52950000
-54.64609416,-347.52950000
-54.60609416,-347.52950000
-54.56609416,-347.52950000
-54.52609416,-343.11960000
-54.48609416,-343.11960000
-54.44609416,-343.11960000
-54.40609416,-338.70970000
-54.36609416,-334.29970000
-54.32609416,-334.29970000
-54.28609416,-334.29970000
-54.24609416,-329.88980000
-54.20609416,-329.88980000
-54.16609416,-329.88980000
-54.12609416,-325.47990000
-54.08609416,-325.47990000
-54.04609416,-325.47990000
-54.00609416,-321.05470000
-53.96609416,-321.05470000
-53.92609416,-316.64480000
-53.88609416,-316.64480000
-53.84609416,-312.23490000
-53.80609416,-312.23490000
-53.76609416,-307.82490000
-53.72609416,-307.82490000
-53.68609416,-303.41500000
-53.64609416,-299.00510000
-53.60609416,-299.00510000
-53.56609416,-294.59520000
-53.52609416,-294.59520000
-53.48609416,-294.59520000
-53.44609416,-290.18520000
-53.40609416,-285.77530000
-53.36609416,-281.36540000
-53.32609416,-281.36540000
-53.28609416,-276.95550000
-53.24609416,-276.95550000
-53.20609417,-276.95550000
-53.16609417,-272.53030000
-53.12609417,-268.12040000
-53.08609417,-263.71040000
-53.04609417,-263.71040000
-53.00609417,-259.30050000
-52.96609417,-259.30050000
-52.92609417,-259.30050000
-52.88609417,-254.89060000
-52.84609417,-250.48060000
-52.80609417,-246.07070000
-52.76609417,-241.66080000
-52.72609417,-241.66080000
-52.68609417,-241.66080000
-52.64609417,-232.84100000
-52.60609417,-228.41580000
-52.56609417,-228.41580000
-52.52609417,-228.41580000
-52.48609417,-224.00580000
-52.44609417,-224.00580000
-52.40609417,-219.59590000
-52.36609417,-210.77610000
-52.32609417,-210.77610000
-52.28609417,-206.36610000
-52.24609417,-206.36610000
-52.20609417,-201.95620000
-52.16609417,-201.95620000
-52.12609417,-193.13640000
-52.08609417,-193.13640000
-52.04609417,-188.72640000
-52.00609417,-188.72640000
-51.96609417,-184.31650000
-51.92609417,-179.89130000
-51.88609417,-175.48140000
-51.84609417,-175.48140000
-51.80609417,-171.07150000
-51.76609417,-166.66160000
-51.72609417,-162.25160000
-51.68609417,-157.84170000
-51.64609417,-157.84170000
-51.60609417,-153.43180000
-51.56609418,-149.02190000
-51.52609418,-149.02190000
-51.48609418,-140.20200000
-51.44609418,-140.20200000
-51.40609418,-135.79210000
-51.36609418,-135.79210000
-51.32609418,-131.36690000
-51.28609418,-126.95700000
-51.24609418,-122.54710000
-51.20609418,-118.13710000
-51.16609418,-118.13710000
-51.12609418,-113.72720000
-51.08609418,-104.90740000
-51.04609418,-100.49750000
-51.00609418,-100.49750000
-50.96609418,-96.08752000
-50.92609418,-91.67760000
-50.88609418,-87.25241000
-50.84609418,-82.84248000
-50.80609418,-82.84248000
-50.76609418,-78.43256000
-50.72609418,-78.43256000
-50.68609418,-69.61272000
-50.64609418,-65.20279000
-50.60609418,-65.20279000
-50.56609418,-60.79287000
-50.52609418,-56.38294000
-50.48609418,-51.97302000
-50.44609418,-51.97302000
-50.40609418,-47.56310000
-50.36609418,-43.15317000
-50.32609418,-38.72799000
-50.28609418,-34.31806000
-50.24609418,-29.90814000
-50.20609418,-29.90814000
-50.16609418,-25.49821000
-50.12609418,-16.67836000
-50.08609418,-16.67836000
-50.04609418,-12.26844000
-50.00609418,-7.85851600
-49.96609418,-3.44859100
-49.92609419,0.96133300
-49.88609419,5.37125700
-49.84609419,5.37125700
-49.80609419,9.78118100
-49.76609419,14.19111000
-49.72609419,18.60103000
-49.68609419,23.01095000
-49.64609419,23.01095000
-49.60609419,27.42088000
-49.56609419,36.24073000
-49.52609419,36.24073000
-49.48609419,40.65065000
-49.44609419,40.65065000
-49.40609419,49.47050000
-49.36609419,53.89569000
-49.32609419,53.89569000
-49.28609419,58.30561000
-49.24609419,62.71553000
-49.20609419,62.71553000
-49.16609419,71.53539000
-49.12609419,75.94530000
-49.08609419,75.94530000
-49.04609419,80.35523000
-49.00609419,84.76515000
-48.96609419,89.17508000
-48.92609419,89.17508000
-48.88609419,93.58500000
-48.84609419,93.58500000
-48.80609419,97.99493000
-48.76609419,106.83000000
-48.72609419,106.83000000
-48.68609419,111.24000000
-48.64609419,111.24000000
-48.60609419,120.05980000
-48.56609419,124.46970000
-48.52609419,124.46970000
-48.48609419,128.87970000
-48.44609419,133.28960000
-48.40609419,133.28960000
-48.36609419,142.10940000
-48.32609419,146.53460000
-48.28609420,146.53460000
-48.24609420,146.53460000
-48.20609420,150.94450000
-48.16609420,155.35450000
-48.12609420,159.76440000
-48.08609420,164.17430000
-48.04609420,168.58420000
-48.00609420,168.58420000
-47.96609420,172.99420000
-47.92609420,177.40410000
-47.88609420,181.81400000
-47.84609420,181.81400000
-47.80609420,181.81400000
-47.76609420,186.22390000
-47.72609420,195.05900000
-47.68609420,195.05900000
-47.64609420,199.46900000
-47.60609420,199.46900000
-47.56609420,203.87890000
-47.52609420,203.87890000
-47.48609420,212.69870000
-47.44609420,212.69870000
-47.40609420,217.10870000
-47.36609420,217.10870000
-47.32609420,221.51860000
-47.28609420,221.51860000
-47.24609420,230.33840000
-47.20609420,230.33840000
-47.16609420,234.74840000
-47.12609420,234.74840000
-47.08609420,234.74840000
-47.04609420,239.15830000
-47.00609420,243.58350000
-46.96609420,247.99340000
-46.92609420,247.99340000
-46.88609420,252.40330000
-46.84609420,252.40330000
-46.80609420,256.81320000
-46.76609420,261.22310000
-46.72609420,265.63310000
-46.68609420,265.63310000
-46.64609421,270.04300000
-46.60609421,270.04300000
-46.56609421,270.04300000
-46.52609421,274.45290000
-46.48609421,278.86290000
-46.44609421,278.86290000
-46.40609421,283.27280000
-46.36609421,283.27280000
-46.32609421,287.69800000
-46.28609421,287.69800000
-46.24609421,287.69800000
-46.20609421,292.10790000
-46.16609421,296.51780000
-46.12609421,300.92770000
-46.08609421,300.92770000
-46.04609421,300.92770000
-46.00609421,300.92770000
-45.96609421,305.33770000
-45.92609421,305.33770000
-45.88609421,309.74760000
-45.84609421,309.74760000
-45.80609421,314.15750000
-45.76609421,318.56740000
-45.72609421,318.56740000
-45.68609421,318.56740000
-45.64609421,322.97740000
-45.60609421,322.97740000
-45.56609421,322.97740000
-45.52609421,322.97740000
-45.48609421,327.38730000
-45.44609421,327.38730000
-45.40609421,331.79720000
-45.36609421,336.22240000
-45.32609421,331.79720000
-45.28609421,336.22240000
-45.24609421,336.22240000
-45.20609421,340.63230000
-45.16609421,340.63230000
-45.12609421,340.63230000
-45.08609421,340.63230000
-45.04609421,340.63230000
-45.00609421,345.04220000
-44.96609422,345.04220000
-44.92609422,345.04220000
-44.88609422,345.04220000
-44.84609422,345.04220000
-44.80609422,349.45220000
-44.76609422,353.86210000
-44.72609422,353.86210000
-44.68609422,353.86210000
-44.64609422,353.86210000
-44.60609422,353.86210000
-44.56609422,353.86210000
-44.52609422,353.86210000
-44.48609422,358.27200000
-44.44609422,358.27200000
-44.40609422,358.27200000
-44.36609422,358.27200000
-44.32609422,358.27200000
-44.28609422,358.27200000
-44.24609422,358.27200000
-44.20609422,358.27200000
-44.16609422,362.68190000
-44.12609422,358.27200000
-44.08609422,358.27200000
-44.04609422,358.27200000
-44.00609422,362.68190000
-43.96609422,362.68190000
-43.92609422,358.27200000
-43.88609422,362.68190000
-43.84609422,358.27200000
-43.80609422,358.27200000
-43.76609422,358.27200000
-43.72609422,362.68190000
-43.68609422,362.68190000
-43.64609422,362.68190000
-43.60609422,358.27200000
-43.56609422,362.68190000
-43.52609422,358.27200000
-43.48609422,362.68190000
-43.44609422,358.27200000
-43.40609422,358.27200000
-43.36609422,358.27200000
-43.32609423,358.27200000
-43.28609423,358.27200000
-43.24609423,358.27200000
-43.20609423,358.27200000
-43.16609423,358.27200000
-43.12609423,358.27200000
-43.08609423,358.27200000
-43.04609423,358.27200000
-43.00609423,353.86210000
-42.96609423,358.27200000
-42.92609423,353.86210000
-42.88609423,353.86210000
-42.84609423,353.86210000
-42.80609423,353.86210000
-42.76609423,349.45220000
-42.72609423,353.86210000
-42.68609423,349.45220000
-42.64609423,345.04220000
-42.60609423,345.04220000
-42.56609423,345.04220000
-42.52609423,345.04220000
-42.48609423,345.04220000
-42.44609423,345.04220000
-42.40609423,340.63230000
-42.36609423,340.63230000
-42.32609423,340.63230000
-42.28609423,340.63230000
-42.24609423,336.22240000
-42.20609423,336.22240000
-42.16609423,336.22240000
-42.12609423,331.79720000
-42.08609423,331.79720000
-42.04609423,327.38730000
-42.00609423,327.38730000
-41.96609423,327.38730000
-41.92609423,322.97740000
-41.88609423,322.97740000
-41.84609423,322.97740000
-41.80609423,318.56740000
-41.76609423,318.56740000
-41.72609423,318.56740000
-41.68609424,309.74760000
-41.64609424,309.74760000
-41.60609424,309.74760000
-41.56609424,305.33770000
-41.52609424,305.33770000
-41.48609424,305.33770000
-41.44609424,300.92770000
-41.40609424,300.92770000
-41.36609424,296.51780000
-41.32609424,296.51780000
-41.28609424,292.10790000
-41.24609424,292.10790000
-41.20609424,287.69800000
-41.16609424,287.69800000
-41.12609424,287.69800000
-41.08609424,283.27280000
-41.04609424,283.27280000
-41.00609424,274.45290000
-40.96609424,274.45290000
-40.92609424,274.45290000
-40.88609424,270.04300000
-40.84609424,270.04300000
-40.80609424,265.63310000
-40.76609424,265.63310000
-40.72609424,265.63310000
-40.68609424,256.81320000
-40.64609424,252.40330000
-40.60609424,252.40330000
-40.56609424,252.40330000
-40.52609424,247.99340000
-40.48609424,243.58350000
-40.44609424,239.15830000
-40.40609424,234.74840000
-40.36609424,234.74840000
-40.32609424,230.33840000
-40.28609424,230.33840000
-40.24609424,225.92850000
-40.20609424,221.51860000
-40.16609424,221.51860000
-40.12609424,217.10870000
-40.08609424,217.10870000
-40.04609425,212.69870000
-40.00609425,208.28880000
-39.96609425,203.87890000
-39.92609425,203.87890000
-39.88609425,199.46900000
-39.84609425,199.46900000
-39.80609425,195.05900000
-39.76609425,195.05900000
-39.72609425,190.63390000
-39.68609425,186.22390000
-39.64609425,181.81400000
-39.60609425,181.81400000
-39.56609425,177.40410000
-39.52609425,172.99420000
-39.48609425,164.17430000
-39.44609425,164.17430000
-39.40609425,164.17430000
-39.36609425,159.76440000
-39.32609425,159.76440000
-39.28609425,150.94450000
-39.24609425,150.94450000
-39.20609425,146.53460000
-39.16609425,146.53460000
-39.12609425,142.10940000
-39.08609425,133.28960000
-39.04609425,128.87970000
-39.00609425,128.87970000
-38.96609425,128.87970000
-38.92609425,124.46970000
-38.88609425,120.05980000
-38.84609425,115.64990000
-38.80609425,111.24000000
-38.76609425,106.83000000
-38.72609425,106.83000000
-38.68609425,97.99493000
-38.64609425,97.99493000
-38.60609425,93.58500000
-38.56609425,93.58500000
-38.52609425,84.76515000
-38.48609425,80.35523000
-38.44609425,75.94530000
-38.40609426,75.94530000
-38.36609426,75.94530000
-38.32609426,71.53539000
-38.28609426,62.71553000
-38.24609426,58.30561000
-38.20609426,58.30561000
-38.16609426,53.89569000
-38.12609426,49.47050000
-38.08609426,45.06058000
-38.04609426,40.65065000
-38.00609426,40.65065000
-37.96609426,36.24073000
-37.92609426,31.83080000
-37.88609426,27.42088000
-37.84609426,23.01095000
-37.80609426,23.01095000
-37.76609426,18.60103000
-37.72609426,9.78118100
-37.68609426,9.78118100
-37.64609426,5.37125700
-37.60609426,5.37125700
-37.56609426,0.96133300
-37.52609426,-3.44859100
-37.48609426,-7.85851600
-37.44609426,-12.26844000
-37.40609426,-12.26844000
-37.36609426,-21.08829000
-37.32609426,-25.49821000
-37.28609426,-29.90814000
-37.24609426,-29.90814000
-37.20609426,-34.31806000
-37.16609426,-38.72799000
-37.12609426,-43.15317000
-37.08609426,-47.56310000
-37.04609426,-47.56310000
-37.00609426,-51.97302000
-36.96609426,-56.38294000
-36.92609426,-60.79287000
-36.88609426,-65.20279000
-36.84609426,-65.20279000
-36.80609426,-69.61272000
-36.76609427,-78.43256000
-36.72609427,-78.43256000
-36.68609427,-82.84248000
-36.64609427,-87.25241000
-36.60609427,-87.25241000
-36.56609427,-96.08752000
-36.52609427,-96.08752000
-36.48609427,-100.49750000
-36.44609427,-104.90740000
-36.40609427,-109.31730000
-36.36609427,-113.72720000
-36.32609427,-118.13710000
-36.28609427,-118.13710000
-36.24609427,-122.54710000
-36.20609427,-122.54710000
-36.16609427,-131.36690000
-36.12609427,-135.79210000
-36.08609427,-135.79210000
-36.04609427,-140.20200000
-36.00609427,-140.20200000
-35.96609427,-149.02190000
-35.92609427,-153.43180000
-35.88609427,-153.43180000
-35.84609427,-153.43180000
-35.80609427,-157.84170000
-35.76609427,-162.25160000
-35.72609427,-171.07150000
-35.68609427,-171.07150000
-35.64609427,-171.07150000
-35.60609427,-175.48140000
-35.56609427,-179.89130000
-35.52609427,-184.31650000
-35.48609427,-188.72640000
-35.44609427,-188.72640000
-35.40609427,-193.13640000
-35.36609427,-197.54630000
-35.32609427,-201.95620000
-35.28609427,-201.95620000
-35.24609427,-206.36610000
-35.20609427,-206.36610000
-35.16609427,-210.77610000
-35.12609428,-215.18600000
-35.08609428,-219.59590000
-35.04609428,-224.00580000
-35.00609428,-224.00580000
-34.96609428,-228.41580000
-34.92609428,-228.41580000
-34.88609428,-232.84100000
-34.84609428,-237.25090000
-34.80609428,-241.66080000
-34.76609428,-241.66080000
-34.72609428,-241.66080000
-34.68609428,-246.07070000
-34.64609428,-254.89060000
-34.60609428,-254.89060000
-34.56609428,-259.30050000
-34.52609428,-259.30050000
-34.48609428,-259.30050000
-34.44609428,-263.71040000
-34.40609428,-268.12040000
-34.36609428,-268.12040000
-34.32609428,-272.53030000
-34.28609428,-276.95550000
-34.24609428,-276.95550000
-34.20609428,-276.95550000
-34.16609428,-281.36540000
-34.12609428,-281.36540000
-34.08609428,-285.77530000
-34.04609428,-290.18520000
-34.00609428,-294.59520000
-33.96609428,-294.59520000
-33.92609428,-294.59520000
-33.88609428,-299.00510000
-33.84609428,-299.00510000
-33.80609428,-303.41500000
-33.76609428,-307.82490000
-33.72609428,-307.82490000
-33.68609428,-312.23490000
-33.64609428,-312.23490000
-33.60609428,-312.23490000
-33.56609428,-316.64480000
-33.52609428,-321.05470000
-33.48609428,-316.64480000
-33.44609429,-325.47990000
-33.40609429,-325.47990000
-33.36609429,-329.88980000
-33.32609429,-329.88980000
-33.28609429,-329.88980000
-33.24609429,-329.88980000
-33.20609429,-334.29970000
-33.16609429,-334.29970000
-33.12609429,-334.29970000
-33.08609429,-338.70970000
-33.04609429,-343.11960000
-33.00609429,-343.11960000
-32.96609429,-347.52950000
-32.92609429,-347.52950000
-32.88609429,-347.52950000
-32.84609429,-347.52950000
-32.80609429,-347.52950000
-32.76609429,-351.93940000
-32.72609429,-351.93940000
-32.68609429,-351.93940000
-32.64609429,-356.34940000
-32.60609429,-356.34940000
-32.56609429,-360.75930000
-32.52609429,-360.75930000
-32.48609429,-360.75930000
-32.44609429,-360.75930000
-32.40609429,-365.16920000
-32.36609429,-360.75930000
-32.32609429,-365.16920000
-32.28609429,-365.16920000
-32.24609429,-365.16920000
-32.20609429,-365.16920000
-32.16609429,-365.16920000
-32.12609429,-365.16920000
-32.08609429,-369.57910000
-32.04609429,-369.57910000
-32.00609429,-369.57910000
-31.96609429,-369.57910000
-31.92609429,-369.57910000
-31.88609429,-369.57910000
-31.84609429,-369.57910000
-31.80609430,-374.00430000
-31.76609430,-374.00430000
-31.72609430,-374.00430000
-31.68609430,-374.00430000
-31.64609430,-374.00430000
-31.60609430,-374.00430000
-31.56609430,-378.41420000
-31.52609430,-378.41420000
-31.48609430,-378.41420000
-31.44609430,-378.41420000
-31.40609430,-378.41420000
-31.36609430,-378.41420000
-31.32609430,-378.41420000
-31.28609430,-378.41420000
-31.24609430,-378.41420000
-31.20609430,-378.41420000
-31.16609430,-378.41420000
-31.12609430,-378.41420000
-31.08609430,-378.41420000
-31.04609430,-378.41420000
-31.00609430,-374.00430000
-30.96609430,-378.41420000
-30.92609430,-378.41420000
-30.88609430,-374.00430000
-30.84609430,-378.41420000
-30.80609430,-374.00430000
-30.76609430,-374.00430000
-30.72609430,-374.00430000
-30.68609430,-374.00430000
-30.64609430,-369.57910000
-30.60609430,-374.00430000
-30.56609430,-369.57910000
-30.52609430,-369.57910000
-30.48609430,-369.57910000
-30.44609430,-369.57910000
-30.40609430,-369.57910000
-30.36609430,-369.57910000
-30.32609430,-365.16920000
-30.28609430,-369.57910000
-30.24609430,-365.16920000
-30.20609430,-365.16920000
-30.16609431,-365.16920000
-30.12609431,-365.16920000
-30.08609431,-360.75930000
-30.04609431,-360.75930000
-30.00609431,-360.75930000
-29.96609431,-360.75930000
-29.92609431,-356.34940000
-29.88609431,-351.93940000
-29.84609431,-351.93940000
-29.80609431,-351.93940000
-29.76609431,-351.93940000
-29.72609431,-351.93940000
-29.68609431,-347.52950000
-29.64609431,-347.52950000
-29.60609431,-347.52950000
-29.56609431,-347.52950000
-29.52609431,-343.11960000
-29.48609431,-343.11960000
-29.44609431,-343.11960000
-29.40609431,-338.70970000
-29.36609431,-338.70970000
-29.32609431,-334.29970000
-29.28609431,-334.29970000
-29.24609431,-329.88980000
-29.20609431,-329.88980000
-29.16609431,-329.88980000
-29.12609431,-329.88980000
-29.08609431,-325.47990000
-29.04609431,-325.47990000
-29.00609431,-321.05470000
-28.96609431,-316.64480000
-28.92609431,-316.64480000
-28.88609431,-312.23490000
-28.84609431,-312.23490000
-28.80609431,-312.23490000
-28.76609431,-312.23490000
-28.72609431,-307.82490000
-28.68609431,-303.41500000
-28.64609431,-299.00510000
-28.60609431,-299.00510000
-28.56609431,-294.59520000
-28.52609432,-294.59520000
-28.48609432,-290.18520000
-28.44609432,-290.18520000
-28.40609432,-285.77530000
-28.36609432,-281.36540000
-28.32609432,-281.36540000
-28.28609432,-276.95550000
-28.24609432,-276.95550000
-28.20609432,-276.95550000
-28.16609432,-272.53030000
-28.12609432,-268.12040000
-28.08609432,-268.12040000
-28.04609432,-263.71040000
-28.00609432,-259.30050000
-27.96609432,-259.30050000
-27.92609432,-254.89060000
-27.88609432,-254.89060000
-27.84609432,-246.07070000
-27.80609432,-246.07070000
-27.76609432,-241.66080000
-27.72609432,-241.66080000
-27.68609432,-241.66080000
-27.64609432,-237.25090000
-27.60609432,-232.84100000
-27.56609432,-228.41580000
-27.52609432,-224.00580000
-27.48609432,-224.00580000
-27.44609432,-219.59590000
-27.40609432,-219.59590000
-27.36609432,-210.77610000
-27.32609432,-210.77610000
-27.28609432,-206.36610000
-27.24609432,-206.36610000
-27.20609432,-201.95620000
-27.16609432,-197.54630000
-27.12609432,-193.13640000
-27.08609432,-193.13640000
-27.04609432,-188.72640000
-27.00609432,-188.72640000
-26.96609432,-184.31650000
-26.92609432,-179.89130000
-26.88609433,-175.48140000
-26.84609433,-171.07150000
-26.80609433,-171.07150000
-26.76609433,-166.66160000
-26.72609433,-162.25160000
-26.68609433,-157.84170000
-26.64609433,-153.43180000
-26.60609433,-153.43180000
-26.56609433,-149.02190000
-26.52609433,-144.61190000
-26.48609433,-140.20200000
-26.44609433,-140.20200000
-26.40609433,-135.79210000
-26.36609433,-131.36690000
-26.32609433,-131.36690000
-26.28609433,-122.54710000
-26.24609433,-122.54710000
-26.20609433,-118.13710000
-26.16609433,-113.72720000
-26.12609433,-113.72720000
-26.08609433,-104.90740000
-26.04609433,-100.49750000
-26.00609433,-100.49750000
-25.96609433,-96.08752000
-25.92609433,-91.67760000
-25.88609433,-87.25241000
-25.84609433,-87.25241000
-25.80609433,-82.84248000
-25.76609433,-78.43256000
-25.72609433,-78.43256000
-25.68609433,-69.61272000
-25.64609433,-65.20279000
-25.60609433,-65.20279000
-25.56609433,-60.79287000
-25.52609433,-56.38294000
-25.48609433,-51.97302000
-25.44609433,-47.56310000
-25.40609433,-47.56310000
-25.36609433,-43.15317000
-25.32609433,-38.72799000
-25.28609433,-34.31806000
-25.24609434,-29.90814000
-25.20609434,-25.49821000
-25.16609434,-21.08829000
-25.12609434,-16.67836000
-25.08609434,-12.26844000
-25.04609434,-12.26844000
-25.00609434,-7.85851600
-24.96609434,-3.44859100
-24.92609434,0.96133300
-24.88609434,5.37125700
-24.84609434,5.37125700
-24.80609434,9.78118100
-24.76609434,14.19111000
-24.72609434,18.60103000
-24.68609434,23.01095000
-24.64609434,23.01095000
-24.60609434,27.42088000
-24.56609434,36.24073000
-24.52609434,36.24073000
-24.48609434,40.65065000
-24.44609434,45.06058000
-24.40609434,45.06058000
-24.36609434,53.89569000
-24.32609434,53.89569000
-24.28609434,58.30561000
-24.24609434,62.71553000
-24.20609434,62.71553000
-24.16609434,71.53539000
-24.12609434,71.53539000
-24.08609434,75.94530000
-24.04609434,80.35523000
-24.00609434,84.76515000
-23.96609434,89.17508000
-23.92609434,93.58500000
-23.88609434,93.58500000
-23.84609434,97.99493000
-23.80609434,102.42010000
-23.76609434,106.83000000
-23.72609434,111.24000000
-23.68609434,111.24000000
-23.64609434,115.64990000
-23.60609435,120.05980000
-23.56609435,124.46970000
-23.52609435,128.87970000
-23.48609435,128.87970000
-23.44609435,133.28960000
-23.40609435,133.28960000
-23.36609435,137.69950000
-23.32609435,146.53460000
-23.28609435,146.53460000
-23.24609435,150.94450000
-23.20609435,155.35450000
-23.16609435,155.35450000
-23.12609435,159.76440000
-23.08609435,164.17430000
-23.04609435,168.58420000
-23.00609435,168.58420000
-22.96609435,172.99420000
-22.92609435,177.40410000
-22.88609435,181.81400000
-22.84609435,181.81400000
-22.80609435,186.22390000
-22.76609435,190.63390000
-22.72609435,195.05900000
-22.68609435,195.05900000
-22.64609435,199.46900000
-22.60609435,199.46900000
-22.56609435,203.87890000
-22.52609435,208.28880000
-22.48609435,212.69870000
-22.44609435,212.69870000
-22.40609435,217.10870000
-22.36609435,217.10870000
-22.32609435,221.51860000
-22.28609435,225.92850000
-22.24609435,230.33840000
-22.20609435,230.33840000
-22.16609435,234.74840000
-22.12609435,234.74840000
-22.08609435,239.15830000
-22.04609435,239.15830000
-22.00609435,243.58350000
-21.96609436,247.99340000
-21.92609436,247.99340000
-21.88609436,252.40330000
-21.84609436,252.40330000
-21.80609436,256.81320000
-21.76609436,261.22310000
-21.72609436,265.63310000
-21.68609436,265.63310000
-21.64609436,270.04300000
-21.60609436,270.04300000
-21.56609436,270.04300000
-21.52609436,274.45290000
-21.48609436,278.86290000
-21.44609436,278.86290000
-21.40609436,283.27280000
-21.36609436,287.69800000
-21.32609436,287.69800000
-21.28609436,287.69800000
-21.24609436,292.10790000
-21.20609436,292.10790000
-21.16609436,296.51780000
-21.12609436,296.51780000
-21.08609436,300.92770000
-21.04609436,300.92770000
-21.00609436,305.33770000
-20.96609436,305.33770000
-20.92609436,305.33770000
-20.88609436,305.33770000
-20.84609436,309.74760000
-20.80609436,309.74760000
-20.76609436,318.56740000
-20.72609436,318.56740000
-20.68609436,318.56740000
-20.64609436,318.56740000
-20.60609436,322.97740000
-20.56609436,322.97740000
-20.52609436,322.97740000
-20.48609436,327.38730000
-20.44609436,327.38730000
-20.40609436,331.79720000
-20.36609436,336.22240000
-20.32609436,336.22240000
-20.28609437,336.22240000
-20.24609437,336.22240000
-20.20609437,336.22240000
-20.16609437,340.63230000
-20.12609437,340.63230000
-20.08609437,340.63230000
-20.04609437,340.63230000
-20.00609437,345.04220000
-19.96609437,345.04220000
-19.92609437,345.04220000
-19.88609437,345.04220000
-19.84609437,349.45220000
-19.80609437,349.45220000
-19.76609437,349.45220000
-19.72609437,353.86210000
-19.68609437,349.45220000
-19.64609437,353.86210000
-19.60609437,353.86210000
-19.56609437,353.86210000
-19.52609437,353.86210000
-19.48609437,358.27200000
-19.44609437,358.27200000
-19.40609437,358.27200000
-19.36609437,358.27200000
-19.32609437,358.27200000
-19.28609437,358.27200000
-19.24609437,358.27200000
-19.20609437,358.27200000
-19.16609437,358.27200000
-19.12609437,358.27200000
-19.08609437,358.27200000
-19.04609437,358.27200000
-19.00609437,358.27200000
-18.96609437,358.27200000
-18.92609437,362.68190000
-18.88609437,358.27200000
-18.84609437,358.27200000
-18.80609437,362.68190000
-18.76609437,358.27200000
-18.72609437,358.27200000
-18.68609437,362.68190000
-18.64609438,358.27200000
-18.60609438,358.27200000
-18.56609438,358.27200000
-18.52609438,358.27200000
-18.48609438,358.27200000
-18.44609438,358.27200000
-18.40609438,358.27200000
-18.36609438,358.27200000
-18.32609438,358.27200000
-18.28609438,358.27200000
-18.24609438,358.27200000
-18.20609438,358.27200000
-18.16609438,358.27200000
-18.12609438,358.27200000
-18.08609438,358.27200000
-18.04609438,358.27200000
-18.00609438,353.86210000
-17.96609438,358.27200000
-17.92609438,358.27200000
-17.88609438,353.86210000
-17.84609438,353.86210000
-17.80609438,353.86210000
-17.76609438,349.45220000
-17.72609438,349.45220000
-17.68609438,349.45220000
-17.64609438,345.04220000
-17.60609438,345.04220000
-17.56609438,345.04220000
-17.52609438,345.04220000
-17.48609438,340.63230000
-17.44609438,340.63230000
-17.40609438,340.63230000
-17.36609438,340.63230000
-17.32609438,340.63230000
-17.28609438,336.22240000
-17.24609438,336.22240000
-17.20609438,336.22240000
-17.16609438,336.22240000
-17.12609438,331.79720000
-17.08609438,327.38730000
-17.04609438,327.38730000
-17.00609439,322.97740000
-16.96609439,322.97740000
-16.92609439,322.97740000
-16.88609439,322.97740000
-16.84609439,322.97740000
-16.80609439,318.56740000
-16.76609439,318.56740000
-16.72609439,318.56740000
-16.68609439,309.74760000
-16.64609439,309.74760000
-16.60609439,305.33770000
-16.56609439,305.33770000
-16.52609439,305.33770000
-16.48609439,300.92770000
-16.44609439,305.33770000
-16.40609439,300.92770000
-16.36609439,300.92770000
-16.32609439,296.51780000
-16.28609439,292.10790000
-16.24609439,287.69800000
-16.20609439,287.69800000
-16.16609439,287.69800000
-16.12609439,287.69800000
-16.08609439,283.27280000
-16.04609439,278.86290000
-16.00609439,274.45290000
-15.96609439,274.45290000
-15.92609439,270.04300000
-15.88609439,270.04300000
-15.84609439,270.04300000
-15.80609439,265.63310000
-15.76609439,265.63310000
-15.72609439,261.22310000
-15.68609439,256.81320000
-15.64609439,252.40330000
-15.60609439,252.40330000
-15.56609439,247.99340000
-15.52609439,247.99340000
-15.48609439,243.58350000
-15.44609439,239.15830000
-15.40609439,234.74840000
-15.36609440,234.74840000
-15.32609440,234.74840000
-15.28609440,230.33840000
-15.24609440,230.33840000
-15.20609440,221.51860000
-15.16609440,221.51860000
-15.12609440,217.10870000
-15.08609440,212.69870000
-15.04609440,217.10870000
-15.00609440,212.69870000
-14.96609440,203.87890000
-14.92609440,203.87890000
-14.88609440,199.46900000
-14.84609440,199.46900000
-14.80609440,195.05900000
-14.76609440,195.05900000
-14.72609440,186.22390000
-14.68609440,186.22390000
-14.64609440,181.81400000
-14.60609440,181.81400000
-14.56609440,177.40410000
-14.52609440,168.58420000
-14.48609440,168.58420000
-14.44609440,164.17430000
-14.40609440,164.17430000
-14.36609440,159.76440000
-14.32609440,155.35450000
-14.28609440,150.94450000
-14.24609440,146.53460000
-14.20609440,146.53460000
-14.16609440,146.53460000
-14.12609440,142.10940000
-14.08609440,133.28960000
-14.04609440,133.28960000
-14.00609440,128.87970000
-13.96609440,124.46970000
-13.92609440,124.46970000
-13.88609440,115.64990000
-13.84609440,115.64990000
-13.80609440,111.24000000
-13.76609440,106.83000000
-13.72609441,106.83000000
-13.68609441,97.99493000
-13.64609441,93.58500000
-13.60609441,93.58500000
-13.56609441,93.58500000
-13.52609441,89.17508000
-13.48609441,80.35523000
-13.44609441,80.35523000
-13.40609441,75.94530000
-13.36609441,71.53539000
-13.32609441,71.53539000
-13.28609441,62.71553000
-13.24609441,62.71553000
-13.20609441,58.30561000
-13.16609441,53.89569000
-13.12609441,53.89569000
-13.08609441,45.06058000
-13.04609441,40.65065000
-13.00609441,40.65065000
-12.96609441,36.24073000
-12.92609441,31.83080000
-12.88609441,27.42088000
-12.84609441,23.01095000
-12.80609441,23.01095000
-12.76609441,18.60103000
-12.72609441,14.19111000
-12.68609441,9.78118100
-12.64609441,5.37125700
-12.60609441,5.37125700
-12.56609441,0.96133300
-12.52609441,-7.85851600
-12.48609441,-7.85851600
-12.44609441,-12.26844000
-12.40609441,-16.67836000
-12.36609441,-16.67836000
-12.32609441,-25.49821000
-12.28609441,-29.90814000
-12.24609441,-29.90814000
-12.20609441,-34.31806000
-12.16609441,-43.15317000
-12.12609441,-43.15317000
-12.08609442,-47.56310000
-12.04609442,-47.56310000
-12.00609442,-51.97302000
-11.96609442,-56.38294000
-11.92609442,-65.20279000
-11.88609442,-65.20279000
-11.84609442,-65.20279000
-11.80609442,-69.61272000
-11.76609442,-78.43256000
-11.72609442,-82.84248000
-11.68609442,-82.84248000
-11.64609442,-87.25241000
-11.60609442,-87.25241000
-11.56609442,-91.67760000
-11.52609442,-100.49750000
-11.48609442,-100.49750000
-11.44609442,-104.90740000
-11.40609442,-104.90740000
-11.36609442,-113.72720000
-11.32609442,-113.72720000
-11.28609442,-118.13710000
-11.24609442,-122.54710000
-11.20609442,-126.95700000
-11.16609442,-131.36690000
-11.12609442,-135.79210000
-11.08609442,-135.79210000
-11.04609442,-135.79210000
-11.00609442,-144.61190000
-10.96609442,-149.02190000
-10.92609442,-149.02190000
-10.88609442,-153.43180000
-10.84609442,-157.84170000
-10.80609442,-157.84170000
-10.76609442,-162.25160000
-10.72609442,-171.07150000
-10.68609442,-171.07150000
-10.64609442,-171.07150000
-10.60609442,-175.48140000
-10.56609442,-184.31650000
-10.52609442,-184.31650000
-10.48609442,-188.72640000
-10.44609443,-188.72640000
-10.40609443,-193.13640000
-10.36609443,-193.13640000
-10.32609443,-201.95620000
-10.28609443,-206.36610000
-10.24609443,-206.36610000
-10.20609443,-206.36610000
-10.16609443,-210.77610000
-10.12609443,-215.18600000
-10.08609443,-219.59590000
-10.04609443,-219.59590000
-10.00609443,-224.00580000
-9.96609443,-228.41580000
-9.92609443,-228.41580000
-9.88609443,-232.84100000
-9.84609443,-237.25090000
-9.80609443,-237.25090000
-9.76609443,-241.66080000
-9.72609443,-241.66080000
-9.68609443,-246.07070000
-9.64609443,-250.48060000
-9.60609443,-254.89060000
-9.56609443,-259.30050000
-9.52609443,-259.30050000
-9.48609443,-259.30050000
-9.44609443,-263.71040000
-9.40609443,-268.12040000
-9.36609443,-272.53030000
-9.32609443,-276.95550000
-9.28609443,-276.95550000
-9.24609443,-276.95550000
-9.20609443,-281.36540000
-9.16609443,-281.36540000
-9.12609443,-285.77530000
-9.08609443,-290.18520000
-9.04609443,-290.18520000
-9.00609443,-294.59520000
-8.96609443,-294.59520000
-8.92609443,-294.59520000
-8.88609443,-299.00510000
-8.84609443,-299.00510000
-8.80609443,-307.82490000
-8.76609444,-307.82490000
-8.72609444,-307.82490000
-8.68609444,-312.23490000
-8.64609444,-312.23490000
-8.60609444,-312.23490000
-8.56609444,-316.64480000
-8.52609444,-316.64480000
-8.48609444,-321.05470000
-8.44609444,-321.05470000
-8.40609444,-325.47990000
-8.36609444,-329.88980000
-8.32609444,-329.88980000
-8.28609444,-329.88980000
-8.24609444,-334.29970000
-8.20609444,-334.29970000
-8.16609444,-338.70970000
-8.12609444,-334.29970000
-8.08609444,-338.70970000
-8.04609444,-343.11960000
-8.00609444,-343.11960000
-7.96609444,-347.52950000
-7.92609444,-347.52950000
-7.88609444,-347.52950000
-7.84609444,-347.52950000
-7.80609444,-347.52950000
-7.76609444,-347.52950000
-7.72609444,-351.93940000
-7.68609444,-351.93940000
-7.64609444,-351.93940000
-7.60609444,-356.34940000
-7.56609444,-360.75930000
-7.52609444,-360.75930000
-7.48609444,-360.75930000
-7.44609444,-360.75930000
-7.40609444,-365.16920000
-7.36609444,-365.16920000
-7.32609444,-365.16920000
-7.28609444,-365.16920000
-7.24609444,-365.16920000
-7.20609444,-365.16920000
-7.16609444,-369.57910000
-7.12609445,-369.57910000
-7.08609445,-369.57910000
-7.04609445,-369.57910000
-7.00609445,-369.57910000
-6.96609445,-369.57910000
-6.92609445,-369.57910000
-6.88609445,-374.00430000
-6.84609445,-369.57910000
-6.80609445,-374.00430000
-6.76609445,-374.00430000
-6.72609445,-374.00430000
-6.68609445,-374.00430000
-6.64609445,-374.00430000
-6.60609445,-374.00430000
-6.56609445,-378.41420000
-6.52609445,-378.41420000
-6.48609445,-378.41420000
-6.44609445,-378.41420000
-6.40609445,-378.41420000
-6.36609445,-378.41420000
-6.32609445,-378.41420000
-6.28609445,-378.41420000
-6.24609445,-378.41420000
-6.20609445,-378.41420000
-6.16609445,-378.41420000
-6.12609445,-378.41420000
-6.08609445,-378.41420000
-6.04609445,-378.41420000
-6.00609445,-378.41420000
-5.96609445,-378.41420000
-5.92609445,-378.41420000
-5.88609445,-374.00430000
-5.84609445,-374.00430000
-5.80609445,-374.00430000
-5.76609445,-374.00430000
-5.72609445,-374.00430000
-5.68609445,-374.00430000
-5.64609445,-369.57910000
-5.60609445,-374.00430000
-5.56609445,-369.57910000
-5.52609445,-369.57910000
-5.48609446,-369.57910000
-5.44609446,-369.57910000
-5.40609446,-369.57910000
-5.36609446,-369.57910000
-5.32609446,-365.16920000
-5.28609446,-365.16920000
-5.24609446,-365.16920000
-5.20609446,-365.16920000
-5.16609446,-365.16920000
-5.12609446,-365.16920000
-5.08609446,-365.16920000
-5.04609446,-360.75930000
-5.00609446,-360.75930000
-4.96609446,-360.75930000
-4.92609446,-360.75930000
-4.88609446,-356.34940000
-4.84609446,-351.93940000
-4.80609446,-351.93940000
-4.76609446,-351.93940000
-4.72609446,-351.93940000
-4.68609446,-347.52950000
-4.64609446,-347.52950000
-4.60609446,-347.52950000
-4.56609446,-347.52950000
-4.52609446,-347.52950000
-4.48609446,-343.11960000
-4.44609446,-343.11960000
-4.40609446,-338.70970000
-4.36609446,-334.29970000
-4.32609446,-334.29970000
-4.28609446,-334.29970000
-4.24609446,-329.88980000
-4.20609446,-329.88980000
-4.16609446,-329.88980000
-4.12609446,-325.47990000
-4.08609446,-325.47990000
-4.04609446,-325.47990000
-4.00609446,-321.05470000
-3.96609446,-316.64480000
-3.92609446,-316.64480000
-3.88609446,-312.23490000
-3.84609447,-312.23490000
-3.80609447,-312.23490000
-3.76609447,-307.82490000
-3.72609447,-303.41500000
-3.68609447,-303.41500000
-3.64609447,-299.00510000
-3.60609447,-299.00510000
-3.56609447,-294.59520000
-3.52609447,-294.59520000
-3.48609447,-294.59520000
-3.44609447,-290.18520000
-3.40609447,-285.77530000
-3.36609447,-281.36540000
-3.32609447,-281.36540000
-3.28609447,-276.95550000
-3.24609447,-276.95550000
-3.20609447,-276.95550000
-3.16609447,-272.53030000
-3.12609447,-272.53030000
-3.08609447,-263.71040000
-3.04609447,-263.71040000
-3.00609447,-259.30050000
-2.96609447,-259.30050000
-2.92609447,-259.30050000
-2.88609447,-254.89060000
-2.84609447,-250.48060000
-2.80609447,-241.66080000
-2.76609447,-241.66080000
-2.72609447,-241.66080000
-2.68609447,-241.66080000
-2.64609447,-237.25090000
-2.60609447,-232.84100000
-2.56609447,-228.41580000
-2.52609447,-224.00580000
-2.48609447,-224.00580000
-2.44609447,-219.59590000
-2.40609447,-219.59590000
-2.36609447,-215.18600000
-2.32609447,-210.77610000
-2.28609447,-206.36610000
-2.24609447,-206.36610000
-2.20609448,-206.36610000
-2.16609448,-201.95620000
-2.12609448,-197.54630000
-2.08609448,-193.13640000
-2.04609448,-188.72640000
-2.00609448,-188.72640000
-1.96609448,-184.31650000
-1.92609448,-179.89130000
-1.88609448,-175.48140000
-1.84609448,-175.48140000
-1.80609448,-171.07150000
-1.76609448,-171.07150000
-1.72609448,-162.25160000
-1.68609448,-157.84170000
-1.64609448,-153.43180000
-1.60609448,-153.43180000
-1.56609448,-149.02190000
-1.52609448,-144.61190000
-1.48609448,-140.20200000
-1.44609448,-140.20200000
-1.40609448,-135.79210000
-1.36609448,-131.36690000
-1.32609448,-131.36690000
-1.28609448,-122.54710000
-1.24609448,-122.54710000
-1.20609448,-118.13710000
-1.16609448,-118.13710000
-1.12609448,-113.72720000
-1.08609448,-104.90740000
-1.04609448,-104.90740000
-1.00609448,-100.49750000
-0.96609448,-96.08752000
-0.92609448,-91.67760000
-0.88609448,-87.25241000
-0.84609448,-87.25241000
-0.80609448,-82.84248000
-0.76609448,-78.43256000
-0.72609448,-74.02264000
-0.68609448,-69.61272000
-0.64609448,-65.20279000
-0.60609448,-65.20279000
-0.56609449,-60.79287000
-0.52609449,-56.38294000
-0.48609449,-51.97302000
-0.44609449,-47.56310000
-0.40609449,-47.56310000
-0.36609449,-43.15317000
-0.32609449,-38.72799000
-0.28609449,-34.31806000
-0.24609449,-29.90814000
-0.20609449,-29.90814000
-0.16609449,-21.08829000
-0.12609449,-16.67836000
-0.08609449,-16.67836000
-0.04609449,-12.26844000
-0.00609449,-7.85851600
0.03390551,-3.44859100
0.07390551,0.96133300
0.11390551,0.96133300
0.15390551,5.37125700
0.19390551,9.78118100
0.23390551,18.60103000
0.27390551,18.60103000
0.31390551,23.01095000
0.35390551,23.01095000
0.39390551,27.42088000
0.43390551,31.83080000
0.47390551,36.24073000
0.51390551,40.65065000
0.55390551,40.65065000
0.59390551,45.06058000
0.63390551,53.89569000
0.67390551,58.30561000
0.71390551,58.30561000
0.75390551,62.71553000
0.79390551,67.12546000
0.83390551,71.53539000
0.87390551,71.53539000
0.91390551,75.94530000
0.95390551,80.35523000
0.99390551,84.76515000
1.03390551,84.76515000
1.07390550,93.58500000
1.11390550,93.58500000
1.15390550,97.99493000
1.19390550,102.42010000
1.23390550,106.83000000
1.27390550,106.83000000
1.31390550,111.24000000
1.35390550,111.24000000
1.39390550,120.05980000
1.43390550,124.46970000
1.47390550,128.87970000
1.51390550,128.87970000
1.55390550,133.28960000
1.59390550,137.69950000
1.63390550,142.10940000
1.67390550,142.10940000
1.71390550,146.53460000
1.75390550,146.53460000
1.79390550,155.35450000
1.83390550,159.76440000
1.87390550,159.76440000
1.91390550,164.17430000
1.95390550,164.17430000
1.99390550,168.58420000
2.03390550,172.99420000
2.07390550,177.40410000
2.11390550,181.81400000
2.15390550,181.81400000
2.19390550,181.81400000
2.23390550,190.63390000
2.27390550,195.05900000
2.31390550,195.05900000
2.35390550,199.46900000
2.39390550,199.46900000
2.43390550,203.87890000
2.47390550,203.87890000
2.51390550,212.69870000
2.55390550,212.69870000
2.59390550,217.10870000
2.63390550,217.10870000
2.67390550,221.51860000
2.71390549,225.92850000
2.75390549,230.33840000
2.79390549,230.33840000
2.83390549,234.74840000
2.87390549,234.74840000
2.91390549,239.15830000
2.95390549,239.15830000
2.99390549,243.58350000
3.03390549,247.99340000
3.07390549,252.40330000
3.11390549,252.40330000
3.15390549,252.40330000
3.19390549,256.81320000
3.23390549,265.63310000
3.27390549,265.63310000
3.31390549,265.63310000
3.35390549,270.04300000
3.39390549,270.04300000
3.43390549,270.04300000
3.47390549,274.45290000
3.51390549,274.45290000
3.55390549,283.27280000
3.59390549,283.27280000
3.63390549,287.69800000
3.67390549,287.69800000
3.71390549,287.69800000
3.75390549,292.10790000
3.79390549,292.10790000
3.83390549,296.51780000
3.87390549,300.92770000
3.91390549,300.92770000
3.95390549,300.92770000
3.99390549,305.33770000
4.03390549,305.33770000
4.07390549,309.74760000
4.11390549,309.74760000
4.15390549,309.74760000
4.19390549,314.15750000
4.23390549,318.56740000
4.27390549,318.56740000
4.31390549,318.56740000
4.35390549,322.97740000
4.39390548,322.97740000
4.43390548,322.97740000
4.47390548,322.97740000
4.51390548,327.38730000
4.55390548,331.79720000
4.59390548,331.79720000
4.63390548,331.79720000
4.67390548,336.22240000
4.71390548,336.22240000
4.75390548,336.22240000
4.79390548,340.63230000
4.83390548,340.63230000
4.87390548,340.63230000
4.91390548,340.63230000
4.95390548,340.63230000
4.99390548,345.04220000
5.03390548,345.04220000
5.07390548,345.04220000
5.11390548,345.04220000
5.15390548,349.45220000
5.19390548,349.45220000
5.23390548,353.86210000
5.27390548,353.86210000
5.31390548,353.86210000
5.35390548,353.86210000
5.39390548,353.86210000
5.43390548,353.86210000
5.47390548,358.27200000
5.51390548,358.27200000
5.55390548,358.27200000
5.59390548,358.27200000
5.63390548,358.27200000
5.67390548,358.27200000
5.71390548,358.27200000
5.75390548,358.27200000
5.79390548,358.27200000
5.83390548,358.27200000
5.87390548,358.27200000
5.91390548,362.68190000
5.95390548,358.27200000
5.99390548,358.27200000
6.03390547,362.68190000
6.07390547,362.68190000
6.11390547,358.27200000
6.15390547,362.68190000
6.19390547,362.68190000
6.23390547,358.27200000
6.27390547,362.68190000
6.31390547,358.27200000
6.35390547,362.68190000
6.39390547,362.68190000
6.43390547,358.27200000
6.47390547,362.68190000
6.51390547,358.27200000
6.55390547,358.27200000
6.59390547,362.68190000
6.63390547,358.27200000
6.67390547,358.27200000
6.71390547,358.27200000
6.75390547,358.27200000
6.79390547,358.27200000
6.83390547,358.27200000
6.87390547,358.27200000
6.91390547,358.27200000
6.95390547,358.27200000
6.99390547,358.27200000
7.03390547,353.86210000
7.07390547,358.27200000
7.11390547,353.86210000
7.15390547,353.86210000
7.19390547,353.86210000
7.23390547,353.86210000
7.27390547,353.86210000
7.31390547,349.45220000
7.35390547,345.04220000
7.39390547,345.04220000
7.43390547,345.04220000
7.47390547,345.04220000
7.51390547,345.04220000
7.55390547,340.63230000
7.59390547,340.63230000
7.63390547,340.63230000
7.67390546,340.63230000
7.71390546,336.22240000
7.75390546,336.22240000
7.79390546,336.22240000
7.83390546,336.22240000
7.87390546,331.79720000
7.91390546,331.79720000
7.95390546,327.38730000
7.99390546,327.38730000
8.03390546,322.97740000
8.07390546,322.97740000
8.11390546,322.97740000
8.15390546,322.97740000
8.19390546,318.56740000
8.23390546,318.56740000
8.27390546,318.56740000
8.31390546,309.74760000
8.35390546,309.74760000
8.39390546,309.74760000
8.43390546,305.33770000
8.47390546,305.33770000
8.51390546,305.33770000
8.55390546,300.92770000
8.59390546,300.92770000
8.63390546,300.92770000
8.67390546,292.10790000
8.71390546,292.10790000
8.75390546,287.69800000
8.79390546,287.69800000
8.83390546,287.69800000
8.87390546,287.69800000
8.91390546,283.27280000
8.95390546,283.27280000
8.99390546,278.86290000
9.03390546,274.45290000
9.07390546,270.04300000
9.11390546,270.04300000
9.15390546,265.63310000
9.19390546,265.63310000
9.23390546,265.63310000
9.27390546,261.22310000
9.31390545,256.81320000
9.35390545,252.40330000
9.39390545,252.40330000
9.43390545,247.99340000
9.47390545,247.99340000
9.51390545,243.58350000
9.55390545,239.15830000
9.59390545,234.74840000
9.63390545,234.74840000
9.67390545,234.74840000
9.71390545,230.33840000
9.75390545,230.33840000
9.79390545,225.92850000
9.83390545,221.51860000
9.87390545,217.10870000
9.91390545,217.10870000
9.95390545,212.69870000
9.99390545,212.69870000
10.03390545,208.28880000
10.07390545,203.87890000
10.11390545,199.46900000
10.15390545,199.46900000
10.19390545,195.05900000
10.23390545,195.05900000
10.27390545,186.22390000
10.31390545,181.81400000
10.35390545,181.81400000
10.39390545,181.81400000
10.43390545,177.40410000
10.47390545,172.99420000
10.51390545,168.58420000
10.55390545,164.17430000
10.59390545,164.17430000
10.63390545,159.76440000
10.67390545,159.76440000
10.71390545,150.94450000
10.75390545,146.53460000
10.79390545,146.53460000
10.83390545,146.53460000
10.87390545,142.10940000
10.91390545,137.69950000
10.95390544,133.28960000
10.99390544,128.87970000
11.03390544,124.46970000
11.07390544,124.46970000
11.11390544,120.05980000
11.15390544,111.24000000
11.19390544,111.24000000
11.23390544,106.83000000
11.27390544,106.83000000
11.31390544,97.99493000
11.35390544,97.99493000
11.39390544,93.58500000
11.43390544,89.17508000
11.47390544,89.17508000
11.51390544,80.35523000
11.55390544,75.94530000
11.59390544,75.94530000
11.63390544,71.53539000
11.67390544,71.53539000
11.71390544,62.71553000
11.75390544,62.71553000
11.79390544,58.30561000
11.83390544,53.89569000
11.87390544,53.89569000
11.91390544,45.06058000
11.95390544,40.65065000
11.99390544,40.65065000
12.03390544,36.24073000
12.07390544,31.83080000
12.11390544,27.42088000
12.15390544,23.01095000
12.19390544,18.60103000
12.23390544,18.60103000
12.27390544,14.19111000
12.31390544,9.78118100
12.35390544,5.37125700
12.39390544,0.96133300
12.43390544,0.96133300
12.47390544,-7.85851600
12.51390544,-12.26844000
12.55390544,-12.26844000
12.59390543,-12.26844000
12.63390543,-21.08829000
12.67390543,-25.49821000
12.71390543,-29.90814000
12.75390543,-34.31806000
12.79390543,-34.31806000
12.83390543,-43.15317000
12.87390543,-43.15317000
12.91390543,-47.56310000
12.95390543,-51.97302000
12.99390543,-51.97302000
13.03390543,-56.38294000
13.07390543,-65.20279000
13.11390543,-65.20279000
13.15390543,-69.61272000
13.19390543,-69.61272000
13.23390543,-78.43256000
13.27390543,-82.84248000
13.31390543,-82.84248000
13.35390543,-82.84248000
13.39390543,-87.25241000
13.43390543,-96.08752000
13.47390543,-100.49750000
13.51390543,-100.49750000
13.55390543,-104.90740000
13.59390543,-104.90740000
13.63390543,-113.72720000
13.67390543,-118.13710000
13.71390543,-118.13710000
13.75390543,-122.54710000
13.79390543,-126.95700000
13.83390543,-131.36690000
13.87390543,-135.79210000
13.91390543,-135.79210000
13.95390543,-140.20200000
13.99390543,-144.61190000
14.03390543,-149.02190000
14.07390543,-153.43180000
14.11390543,-153.43180000
14.15390543,-157.84170000
14.19390543,-157.84170000
14.23390542,-166.66160000
14.27390542,-171.07150000
14.31390542,-171.07150000
14.35390542,-171.07150000
14.39390542,-175.48140000
14.43390542,-184.31650000
14.47390542,-184.31650000
14.51390542,-188.72640000
14.55390542,-188.72640000
14.59390542,-193.13640000
14.63390542,-197.54630000
14.67390542,-197.54630000
14.71390542,-206.36610000
14.75390542,-206.36610000
14.79390542,-206.36610000
14.83390542,-210.77610000
14.87390542,-215.18600000
14.91390542,-219.59590000
14.95390542,-224.00580000
14.99390542,-224.00580000
15.03390542,-228.41580000
15.07390542,-228.41580000
15.11390542,-232.84100000
15.15390542,-237.25090000
15.19390542,-241.66080000
15.23390542,-241.66080000
15.27390542,-241.66080000
15.31390542,-246.07070000
15.35390542,-254.89060000
15.39390542,-254.89060000
15.43390542,-259.30050000
15.47390542,-259.30050000
15.51390542,-263.71040000
15.55390542,-263.71040000
15.59390542,-268.12040000
15.63390542,-272.53030000
15.67390542,-272.53030000
15.71390542,-276.95550000
15.75390542,-276.95550000
15.79390542,-276.95550000
15.83390542,-281.36540000
15.87390542,-285.77530000
15.91390541,-290.18520000
15.95390541,-290.18520000
15.99390541,-294.59520000
16.03390541,-294.59520000
16.07390541,-294.59520000
16.11390541,-299.00510000
16.15390541,-299.00510000
16.19390541,-303.41500000
16.23390541,-303.41500000
16.27390541,-307.82490000
16.31390541,-312.23490000
16.35390541,-312.23490000
16.39390541,-312.23490000
16.43390541,-316.64480000
16.47390541,-316.64480000
16.51390541,-321.05470000
16.55390541,-325.47990000
16.59390541,-325.47990000
16.63390541,-329.88980000
16.67390541,-329.88980000
16.71390541,-329.88980000
16.75390541,-329.88980000
16.79390541,-334.29970000
16.83390541,-334.29970000
16.87390541,-338.70970000
16.91390541,-338.70970000
16.95390541,-338.70970000
16.99390541,-338.70970000
17.03390541,-343.11960000
17.07390541,-347.52950000
17.11390541,-347.52950000
17.15390541,-347.52950000
17.19390541,-347.52950000
17.23390541,-351.93940000
17.27390541,-351.93940000
17.31390541,-351.93940000
17.35390541,-351.93940000
17.39390541,-356.34940000
17.43390541,-360.75930000
17.47390541,-360.75930000
17.51390541,-360.75930000
17.55390540,-360.75930000
17.59390540,-360.75930000
17.63390540,-365.16920000
17.67390540,-365.16920000
17.71390540,-365.16920000
17.75390540,-365.16920000
17.79390540,-365.16920000
17.83390540,-365.16920000
17.87390540,-365.16920000
17.91390540,-369.57910000
17.95390540,-369.57910000
17.99390540,-369.57910000
18.03390540,-369.57910000
18.07390540,-369.57910000
18.11390540,-374.00430000
18.15390540,-374.00430000
18.19390540,-374.00430000
18.23390540,-374.00430000
18.27390540,-374.00430000
18.31390540,-374.00430000
18.35390540,-378.41420000
18.39390540,-374.00430000
18.43390540,-378.41420000
18.47390540,-378.41420000
18.51390540,-378.41420000
18.55390540,-378.41420000
18.59390540,-378.41420000
18.63390540,-374.00430000
18.67390540,-378.41420000
18.71390540,-378.41420000
18.75390540,-378.41420000
18.79390540,-378.41420000
18.83390540,-378.41420000
18.87390540,-378.41420000
18.91390540,-378.41420000
18.95390540,-378.41420000
18.99390540,-378.41420000
19.03390540,-378.41420000
19.07390540,-378.41420000
19.11390540,-378.41420000
19.15390540,-374.00430000
19.19390539,-374.00430000
19.23390539,-374.00430000
19.27390539,-374.00430000
19.31390539,-374.00430000
19.35390539,-369.57910000
19.39390539,-374.00430000
19.43390539,-369.57910000
19.47390539,-369.57910000
19.51390539,-369.57910000
19.55390539,-369.57910000
19.59390539,-369.57910000
19.63390539,-369.57910000
19.67390539,-365.16920000
19.71390539,-365.16920000
19.75390539,-365.16920000
19.79390539,-365.16920000
19.83390539,-365.16920000
19.87390539,-365.16920000
19.91390539,-365.16920000
19.95390539,-360.75930000
19.99390539,-360.75930000
20.03390539,-360.75930000
20.07390539,-356.34940000
20.11390539,-356.34940000
20.15390539,-351.93940000
20.19390539,-351.93940000
20.23390539,-351.93940000
20.27390539,-351.93940000
20.31390539,-347.52950000
20.35390539,-347.52950000
20.39390539,-347.52950000
20.43390539,-347.52950000
20.47390539,-347.52950000
20.51390539,-343.11960000
20.55390539,-338.70970000
20.59390539,-338.70970000
20.63390539,-338.70970000
20.67390539,-334.29970000
20.71390539,-334.29970000
20.75390539,-329.88980000
20.79390539,-329.88980000
20.83390538,-329.88980000
20.87390538,-329.88980000
20.91390538,-325.47990000
20.95390538,-325.47990000
20.99390538,-321.05470000
21.03390538,-316.64480000
21.07390538,-316.64480000
21.11390538,-312.23490000
21.15390538,-312.23490000
21.19390538,-312.23490000
21.23390538,-307.82490000
21.27390538,-303.41500000
21.31390538,-303.41500000
21.35390538,-299.00510000
21.39390538,-299.00510000
21.43390538,-294.59520000
21.47390538,-294.59520000
21.51390538,-294.59520000
21.55390538,-290.18520000
21.59390538,-281.36540000
21.63390538,-285.77530000
21.67390538,-281.36540000
21.71390538,-281.36540000
21.75390538,-276.95550000
21.79390538,-276.95550000
21.83390538,-272.53030000
21.87390538,-268.12040000
21.91390538,-263.71040000
21.95390538,-263.71040000
21.99390538,-259.30050000
22.03390538,-259.30050000
22.07390538,-254.89060000
22.11390538,-254.89060000
22.15390538,-246.07070000
22.19390538,-246.07070000
22.23390538,-241.66080000
22.27390538,-241.66080000
22.31390538,-241.66080000
22.35390538,-237.25090000
22.39390538,-232.84100000
22.43390538,-228.41580000
22.47390537,-224.00580000
22.51390537,-224.00580000
22.55390537,-224.00580000
22.59390537,-219.59590000
22.63390537,-210.77610000
22.67390537,-210.77610000
22.71390537,-206.36610000
22.75390537,-206.36610000
22.79390537,-201.95620000
22.83390537,-197.54630000
22.87390537,-193.13640000
22.91390537,-193.13640000
22.95390537,-188.72640000
22.99390537,-188.72640000
23.03390537,-184.31650000
23.07390537,-179.89130000
23.11390537,-175.48140000
23.15390537,-171.07150000
23.19390537,-171.07150000
23.23390537,-166.66160000
23.27390537,-162.25160000
23.31390537,-157.84170000
23.35390537,-153.43180000
23.39390537,-153.43180000
23.43390537,-149.02190000
23.47390537,-149.02190000
23.51390537,-140.20200000
23.55390537,-140.20200000
23.59390537,-135.79210000
23.63390537,-135.79210000
23.67390537,-126.95700000
23.71390537,-122.54710000
23.75390537,-122.54710000
23.79390537,-118.13710000
23.83390537,-118.13710000
23.87390537,-113.72720000
23.91390537,-104.90740000
23.95390537,-100.49750000
23.99390537,-100.49750000
24.03390537,-96.08752000
24.07390537,-91.67760000
24.11390536,-87.25241000
24.15390536,-87.25241000
24.19390536,-82.84248000
24.23390536,-78.43256000
24.27390536,-78.43256000
24.31390536,-69.61272000
24.35390536,-65.20279000
24.39390536,-65.20279000
24.43390536,-60.79287000
24.47390536,-56.38294000
24.51390536,-51.97302000
24.55390536,-47.56310000
24.59390536,-47.56310000
24.63390536,-43.15317000
24.67390536,-34.31806000
24.71390536,-34.31806000
24.75390536,-29.90814000
24.79390536,-29.90814000
24.83390536,-21.08829000
24.87390536,-16.67836000
24.91390536,-12.26844000
24.95390536,-12.26844000
24.99390536,-7.85851600
25.03390536,-7.85851600
25.07390536,0.96133300
25.11390536,5.37125700
25.15390536,5.37125700
25.19390536,9.78118100
25.23390536,14.19111000
25.27390536,18.60103000
25.31390536,23.01095000
25.35390536,23.01095000
25.39390536,27.42088000
25.43390536,36.24073000
25.47390536,40.65065000
25.51390536,40.65065000
25.55390536,40.65065000
25.59390536,49.47050000
25.63390536,53.89569000
25.67390536,58.30561000
25.71390536,58.30561000
25.75390535,62.71553000
25.79390535,62.71553000
25.83390535,71.53539000
25.87390535,75.94530000
25.91390535,75.94530000
25.95390535,75.94530000
25.99390535,84.76515000
26.03390535,89.17508000
26.07390535,89.17508000
26.11390535,93.58500000
26.15390535,97.99493000
26.19390535,102.42010000
26.23390535,106.83000000
26.27390535,111.24000000
26.31390535,111.24000000
26.35390535,115.64990000
26.39390535,120.05980000
26.43390535,124.46970000
26.47390535,128.87970000
26.51390535,128.87970000
26.55390535,133.28960000
26.59390535,137.69950000
26.63390535,142.10940000
26.67390535,146.53460000
26.71390535,146.53460000
26.75390535,146.53460000
26.79390535,155.35450000
26.83390535,159.76440000
26.87390535,159.76440000
26.91390535,164.17430000
26.95390535,164.17430000
26.99390535,172.99420000
27.03390535,177.40410000
27.07390535,177.40410000
27.11390535,181.81400000
27.15390535,181.81400000
27.19390535,186.22390000
27.23390535,190.63390000
27.27390535,195.05900000
27.31390535,195.05900000
27.35390535,199.46900000
27.39390535,199.46900000
27.43390534,203.87890000
27.47390534,208.28880000
27.51390534,212.69870000
27.55390534,212.69870000
27.59390534,217.10870000
27.63390534,221.51860000
27.67390534,221.51860000
27.71390534,225.92850000
27.75390534,230.33840000
27.79390534,230.33840000
27.83390534,234.74840000
27.87390534,234.74840000
27.91390534,239.15830000
27.95390534,239.15830000
27.99390534,243.58350000
28.03390534,247.99340000
28.07390534,252.40330000
28.11390534,252.40330000
28.15390534,252.40330000
28.19390534,256.81320000
28.23390534,261.22310000
28.27390534,265.63310000
28.31390534,265.63310000
28.35390534,270.04300000
28.39390534,270.04300000
28.43390534,274.45290000
28.47390534,274.45290000
28.51390534,278.86290000
28.55390534,283.27280000
28.59390534,283.27280000
28.63390534,287.69800000
28.67390534,287.69800000
28.71390534,287.69800000
28.75390534,292.10790000
28.79390534,292.10790000
28.83390534,296.51780000
28.87390534,300.92770000
28.91390534,300.92770000
28.95390534,300.92770000
28.99390534,305.33770000
29.03390534,305.33770000
29.07390533,305.33770000
29.11390533,309.74760000
29.15390533,309.74760000
29.19390533,309.74760000
29.23390533,318.56740000
29.27390533,318.56740000
29.31390533,318.56740000
29.35390533,322.97740000
29.39390533,322.97740000
29.43390533,322.97740000
29.47390533,322.97740000
29.51390533,327.38730000
29.55390533,327.38730000
29.59390533,331.79720000
29.63390533,336.22240000
29.67390533,336.22240000
29.71390533,336.22240000
29.75390533,336.22240000
29.79390533,340.63230000
29.83390533,340.63230000
29.87390533,340.63230000
29.91390533,340.63230000
29.95390533,340.63230000
29.99390533,345.04220000
30.03390533,345.04220000
30.07390533,345.04220000
30.11390533,345.04220000
30.15390533,349.45220000
30.19390533,349.45220000
30.23390533,353.86210000
30.27390533,353.86210000
30.31390533,353.86210000
30.35390533,353.86210000
30.39390533,353.86210000
30.43390533,353.86210000
30.47390533,353.86210000
30.51390533,353.86210000
30.55390533,358.27200000
30.59390533,353.86210000
30.63390533,358.27200000
30.67390533,358.27200000
30.71390532,358.27200000
30.75390532,358.27200000
30.79390532,362.68190000
30.83390532,358.27200000
30.87390532,358.27200000
30.91390532,362.68190000
30.95390532,358.27200000
30.99390532,358.27200000
31.03390532,362.68190000
31.07390532,362.68190000
31.11390532,362.68190000
31.15390532,358.27200000
31.19390532,358.27200000
31.23390532,362.68190000
31.27390532,358.27200000
31.31390532,358.27200000
31.35390532,358.27200000
31.39390532,358.27200000
31.43390532,358.27200000
31.47390532,362.68190000
31.51390532,358.27200000
31.55390532,358.27200000
31.59390532,358.27200000
31.63390532,358.27200000
31.67390532,358.27200000
31.71390532,358.27200000
31.75390532,358.27200000
31.79390532,358.27200000
31.83390532,358.27200000
31.87390532,358.27200000
31.91390532,358.27200000
31.95390532,358.27200000
31.99390532,358.27200000
32.03390532,353.86210000
32.07390532,353.86210000
32.11390532,353.86210000
32.15390532,353.86210000
32.19390532,353.86210000
32.23390532,353.86210000
32.27390532,353.86210000
32.31390532,349.45220000
32.35390531,349.45220000
32.39390531,345.04220000
32.43390531,345.04220000
32.47390531,345.04220000
32.51390531,345.04220000
32.55390531,340.63230000
32.59390531,340.63230000
32.63390531,340.63230000
32.67390531,340.63230000
32.71390531,340.63230000
32.75390531,336.22240000
32.79390531,336.22240000
32.83390531,336.22240000
32.87390531,331.79720000
32.91390531,331.79720000
32.95390531,327.38730000
32.99390531,327.38730000
33.03390531,322.97740000
33.07390531,322.97740000
33.11390531,322.97740000
33.15390531,322.97740000
33.19390531,318.56740000
33.23390531,318.56740000
33.27390531,318.56740000
33.31390531,314.15750000
33.35390531,309.74760000
33.39390531,309.74760000
33.43390531,305.33770000
33.47390531,305.33770000
33.51390531,305.33770000
33.55390531,300.92770000
33.59390531,300.92770000
33.63390531,296.51780000
33.67390531,296.51780000
33.71390531,292.10790000
33.75390531,287.69800000
33.79390531,287.69800000
33.83390531,287.69800000
33.87390531,283.27280000
33.91390531,283.27280000
33.95390531,278.86290000
33.99390530,274.45290000
34.03390530,274.45290000
34.07390530,270.04300000
34.11390530,270.04300000
34.15390530,270.04300000
34.19390530,265.63310000
34.23390530,265.63310000
34.27390530,261.22310000
34.31390530,256.81320000
34.35390530,252.40330000
34.39390530,252.40330000
34.43390530,252.40330000
34.47390530,247.99340000
34.51390530,243.58350000
34.55390530,239.15830000
34.59390530,234.74840000
34.63390530,234.74840000
34.67390530,234.74840000
34.71390530,230.33840000
34.75390530,225.92850000
34.79390530,225.92850000
34.83390530,217.10870000
34.87390530,217.10870000
34.91390530,217.10870000
34.95390530,212.69870000
34.99390530,212.69870000
35.03390530,208.28880000
35.07390530,203.87890000
35.11390530,199.46900000
35.15390530,199.46900000
35.19390530,195.05900000
35.23390530,190.63390000
35.27390530,190.63390000
35.31390530,186.22390000
35.35390530,181.81400000
35.39390530,177.40410000
35.43390530,177.40410000
35.47390530,172.99420000
35.51390530,168.58420000
35.55390530,164.17430000
35.59390530,164.17430000
35.63390529,159.76440000
35.67390529,159.76440000
35.71390529,150.94450000
35.75390529,146.53460000
35.79390529,146.53460000
35.83390529,142.10940000
35.87390529,137.69950000
35.91390529,133.28960000
35.95390529,133.28960000
35.99390529,128.87970000
36.03390529,124.46970000
36.07390529,124.46970000
36.11390529,120.05980000
36.15390529,111.24000000
36.19390529,106.83000000
36.23390529,111.24000000
36.27390529,106.83000000
36.31390529,97.99493000
36.35390529,93.58500000
36.39390529,93.58500000
36.43390529,93.58500000
36.47390529,84.76515000
36.51390529,80.35523000
36.55390529,80.35523000
36.59390529,75.94530000
36.63390529,71.53539000
36.67390529,71.53539000
36.71390529,67.12546000
36.75390529,58.30561000
36.79390529,58.30561000
36.83390529,53.89569000
36.87390529,53.89569000
36.91390529,45.06058000
36.95390529,40.65065000
36.99390529,40.65065000
37.03390529,36.24073000
37.07390529,31.83080000
37.11390529,23.01095000
37.15390529,23.01095000
37.19390529,23.01095000
37.23390529,18.60103000
37.27390528,14.19111000
37.31390528,9.78118100
37.35390528,5.37125700
37.39390528,5.37125700
37.43390528,-3.44859100
37.47390528,-7.85851600
37.51390528,-12.26844000
37.55390528,-12.26844000
37.59390528,-16.67836000
37.63390528,-16.67836000
37.67390528,-25.49821000
37.71390528,-29.90814000
37.75390528,-29.90814000
37.79390528,-34.31806000
37.83390528,-38.72799000
37.87390528,-43.15317000
37.91390528,-47.56310000
37.95390528,-51.97302000
37.99390528,-51.97302000
38.03390528,-56.38294000
38.07390528,-65.20279000
38.11390528,-65.20279000
38.15390528,-65.20279000
38.19390528,-69.61272000
38.23390528,-78.43256000
38.27390528,-78.43256000
38.31390528,-82.84248000
38.35390528,-87.25241000
38.39390528,-91.67760000
38.43390528,-91.67760000
38.47390528,-96.08752000
38.51390528,-100.49750000
38.55390528,-100.49750000
38.59390528,-109.31730000
38.63390528,-113.72720000
38.67390528,-118.13710000
38.71390528,-118.13710000
38.75390528,-122.54710000
38.79390528,-126.95700000
38.83390528,-131.36690000
38.87390528,-135.79210000
38.91390527,-135.79210000
38.95390527,-135.79210000
38.99390527,-144.61190000
39.03390527,-149.02190000
39.07390527,-153.43180000
39.11390527,-153.43180000
39.15390527,-157.84170000
39.19390527,-157.84170000
39.23390527,-162.25160000
39.27390527,-171.07150000
39.31390527,-171.07150000
39.35390527,-171.07150000
39.39390527,-175.48140000
39.43390527,-184.31650000
39.47390527,-184.31650000
39.51390527,-188.72640000
39.55390527,-188.72640000
39.59390527,-193.13640000
39.63390527,-197.54630000
39.67390527,-201.95620000
39.71390527,-206.36610000
39.75390527,-206.36610000
39.79390527,-206.36610000
39.83390527,-210.77610000
39.87390527,-215.18600000
39.91390527,-219.59590000
39.95390527,-224.00580000
39.99390527,-224.00580000
40.03390527,-228.41580000
40.07390527,-228.41580000
40.11390527,-232.84100000
40.15390527,-237.25090000
40.19390527,-241.66080000
40.23390527,-241.66080000
40.27390527,-241.66080000
40.31390527,-246.07070000
40.35390527,-250.48060000
40.39390527,-254.89060000
40.43390527,-259.30050000
40.47390527,-259.30050000
40.51390527,-259.30050000
40.55390527,-263.71040000
40.59390526,-268.12040000
40.63390526,-272.53030000
40.67390526,-272.53030000
40.71390526,-276.95550000
40.75390526,-276.95550000
40.79390526,-281.36540000
40.83390526,-281.36540000
40.87390526,-285.77530000
40.91390526,-290.18520000
40.95390526,-290.18520000
40.99390526,-294.59520000
41.03390526,-294.59520000
41.07390526,-294.59520000
41.11390526,-299.00510000
41.15390526,-299.00510000
41.19390526,-303.41500000
41.23390526,-307.82490000
41.27390526,-312.23490000
41.31390526,-312.23490000
41.35390526,-312.23490000
41.39390526,-316.64480000
41.43390526,-316.64480000
41.47390526,-316.64480000
41.51390526,-325.47990000
41.55390526,-325.47990000
41.59390526,-325.47990000
41.63390526,-329.88980000
41.67390526,-329.88980000
41.71390526,-329.88980000
41.75390526,-329.88980000
41.79390526,-334.29970000
41.83390526,-334.29970000
41.87390526,-338.70970000
41.91390526,-338.70970000
41.95390526,-338.70970000
41.99390526,-343.11960000
42.03390526,-347.52950000
42.07390526,-347.52950000
42.11390526,-347.52950000
42.15390526,-347.52950000
42.19390526,-347.52950000
42.23390525,-351.93940000
42.27390525,-351.93940000
42.31390525,-351.93940000
42.35390525,-356.34940000
42.39390525,-356.34940000
42.43390525,-360.75930000
42.47390525,-360.75930000
42.51390525,-360.75930000
42.55390525,-360.75930000
42.59390525,-365.16920000
42.63390525,-365.16920000
42.67390525,-365.16920000
42.71390525,-365.16920000
42.75390525,-365.16920000
42.79390525,-365.16920000
42.83390525,-365.16920000
42.87390525,-365.16920000
42.91390525,-365.16920000
42.95390525,-369.57910000
42.99390525,-374.00430000
43.03390525,-369.57910000
43.07390525,-369.57910000
43.11390525,-374.00430000
43.15390525,-374.00430000
43.19390525,-369.57910000
43.23390525,-374.00430000
43.27390525,-378.41420000
43.31390525,-374.00430000
43.35390525,-378.41420000
43.39390525,-374.00430000
43.43390525,-378.41420000
43.47390525,-378.41420000
43.51390525,-378.41420000
43.55390525,-378.41420000
43.59390525,-378.41420000
43.63390525,-378.41420000
43.67390525,-378.41420000
43.71390525,-378.41420000
43.75390525,-378.41420000
43.79390525,-378.41420000
43.83390525,-378.41420000
43.87390524,-378.41420000
43.91390524,-378.41420000
43.95390524,-374.00430000
43.99390524,-378.41420000
44.03390524,-374.00430000
44.07390524,-374.00430000
44.11390524,-378.41420000
44.15390524,-374.00430000
44.19390524,-374.00430000
44.23390524,-374.00430000
44.27390524,-374.00430000
44.31390524,-374.00430000
44.35390524,-369.57910000
44.39390524,-369.57910000
44.43390524,-369.57910000
44.47390524,-369.57910000
44.51390524,-369.57910000
44.55390524,-369.57910000
44.59390524,-369.57910000
44.63390524,-365.16920000
44.67390524,-365.16920000
44.71390524,-365.16920000
44.75390524,-365.16920000
44.79390524,-365.16920000
44.83390524,-365.16920000
44.87390524,-360.75930000
44.91390524,-365.16920000
44.95390524,-360.75930000
44.99390524,-360.75930000
45.03390524,-356.34940000
45.07390524,-356.34940000
45.11390524,-356.34940000
45.15390524,-351.93940000
45.19390524,-351.93940000
45.23390524,-351.93940000
45.27390524,-351.93940000
45.31390524,-347.52950000
45.35390524,-347.52950000
45.39390524,-347.52950000
45.43390524,-347.52950000
45.47390524,-347.52950000
45.51390523,-343.11960000
45.55390523,-338.70970000
45.59390523,-338.70970000
45.63390523,-334.29970000
45.67390523,-334.29970000
45.71390523,-329.88980000
45.75390523,-329.88980000
45.79390523,-329.88980000
45.83390523,-329.88980000
45.87390523,-329.88980000
45.91390523,-325.47990000
45.95390523,-325.47990000
45.99390523,-321.05470000
46.03390523,-316.64480000
46.07390523,-316.64480000
46.11390523,-312.23490000
46.15390523,-312.23490000
46.19390523,-312.23490000
46.23390523,-307.82490000
46.27390523,-307.82490000
46.31390523,-299.00510000
46.35390523,-303.41500000
46.39390523,-299.00510000
46.43390523,-294.59520000
46.47390523,-294.59520000
46.51390523,-294.59520000
46.55390523,-290.18520000
46.59390523,-285.77530000
46.63390523,-285.77530000
46.67390523,-281.36540000
46.71390523,-276.95550000
46.75390523,-276.95550000
46.79390523,-276.95550000
46.83390523,-272.53030000
46.87390523,-268.12040000
46.91390523,-263.71040000
46.95390523,-263.71040000
46.99390523,-259.30050000
47.03390523,-259.30050000
47.07390523,-254.89060000
47.11390523,-254.89060000
47.15390522,-246.07070000
47.19390522,-246.07070000
47.23390522,-241.66080000
47.27390522,-241.66080000
47.31390522,-241.66080000
47.35390522,-237.25090000
47.39390522,-232.84100000
47.43390522,-228.41580000
47.47390522,-224.00580000
47.51390522,-224.00580000
47.55390522,-219.59590000
47.59390522,-219.59590000
47.63390522,-210.77610000
47.67390522,-210.77610000
47.71390522,-206.36610000
47.75390522,-206.36610000
47.79390522,-201.95620000
47.83390522,-197.54630000
47.87390522,-193.13640000
47.91390522,-193.13640000
47.95390522,-188.72640000
47.99390522,-188.72640000
48.03390522,-184.31650000
48.07390522,-179.89130000
48.11390522,-175.48140000
48.15390522,-171.07150000
48.19390522,-171.07150000
48.23390522,-166.66160000
48.27390522,-157.84170000
48.31390522,-157.84170000
48.35390522,-157.84170000
48.39390522,-153.43180000
48.43390522,-149.02190000
48.47390522,-144.61190000
48.51390522,-140.20200000
48.55390522,-140.20200000
48.59390522,-135.79210000
48.63390522,-135.79210000
48.67390522,-131.36690000
48.71390522,-122.54710000
48.75390522,-122.54710000
48.79390521,-118.13710000
48.83390521,-113.72720000
48.87390521,-109.31730000
48.91390521,-104.90740000
48.95390521,-100.49750000
48.99390521,-100.49750000
49.03390521,-100.49750000
49.07390521,-91.67760000
49.11390521,-87.25241000
49.15390521,-82.84248000
49.19390521,-82.84248000
49.23390521,-78.43256000
49.27390521,-78.43256000
49.31390521,-69.61272000
49.35390521,-65.20279000
49.39390521,-65.20279000
49.43390521,-60.79287000
49.47390521,-56.38294000
49.51390521,-51.97302000
49.55390521,-47.56310000
49.59390521,-47.56310000
49.63390521,-43.15317000
49.67390521,-38.72799000
49.71390521,-34.31806000
49.75390521,-29.90814000
49.79390521,-29.90814000
49.83390521,-21.08829000
49.87390521,-16.67836000
49.91390521,-16.67836000
49.95390521,-12.26844000
49.99390521,-7.85851600
50.03390521,-3.44859100
50.07390521,0.96133300
50.11390521,5.37125700
50.15390521,5.37125700
50.19390521,9.78118100
50.23390521,14.19111000
50.27390521,18.60103000
50.31390521,23.01095000
50.35390521,23.01095000
50.39390521,27.42088000
50.43390520,36.24073000
50.47390520,40.65065000
50.51390520,40.65065000
50.55390520,40.65065000
50.59390520,49.47050000
50.63390520,53.89569000
50.67390520,53.89569000
50.71390520,58.30561000
50.75390520,62.71553000
50.79390520,67.12546000
50.83390520,71.53539000
50.87390520,75.94530000
50.91390520,75.94530000
50.95390520,80.35523000
50.99390520,84.76515000
51.03390520,89.17508000
51.07390520,89.17508000
51.11390520,93.58500000
51.15390520,97.99493000
51.19390520,106.83000000
51.23390520,102.42010000
51.27390520,106.83000000
51.31390520,111.24000000
51.35390520,115.64990000
51.39390520,120.05980000
51.43390520,124.46970000
51.47390520,128.87970000
51.51390520,128.87970000
51.55390520,133.28960000
51.59390520,133.28960000
51.63390520,142.10940000
51.67390520,146.53460000
51.71390520,146.53460000
51.75390520,150.94450000
51.79390520,155.35450000
51.83390520,159.76440000
51.87390520,159.76440000
51.91390520,164.17430000
51.95390520,164.17430000
51.99390520,168.58420000
52.03390520,177.40410000
52.07390520,177.40410000
52.11390519,181.81400000
52.15390519,181.81400000
52.19390519,186.22390000
52.23390519,190.63390000
52.27390519,195.05900000
52.31390519,195.05900000
52.35390519,199.46900000
52.39390519,203.87890000
52.43390519,203.87890000
52.47390519,208.28880000
52.51390519,212.69870000
52.55390519,212.69870000
52.59390519,217.10870000
52.63390519,217.10870000
52.67390519,221.51860000
52.71390519,225.92850000
52.75390519,230.33840000
52.79390519,230.33840000
52.83390519,234.74840000
52.87390519,234.74840000
52.91390519,239.15830000
52.95390519,239.15830000
52.99390519,243.58350000
53.03390519,247.99340000
53.07390519,252.40330000
53.11390519,252.40330000
53.15390519,252.40330000
53.19390519,256.81320000
53.23390519,265.63310000
53.27390519,265.63310000
53.31390519,270.04300000
53.35390519,270.04300000
53.39390519,270.04300000
53.43390519,274.45290000
53.47390519,274.45290000
53.51390519,278.86290000
53.55390519,283.27280000
53.59390519,283.27280000
53.63390519,283.27280000
53.67390519,287.69800000
53.71390519,287.69800000
53.75390518,287.69800000
53.79390518,292.10790000
53.83390518,296.51780000
53.87390518,296.51780000
53.91390518,300.92770000
53.95390518,300.92770000
53.99390518,305.33770000
54.03390518,305.33770000
54.07390518,309.74760000
54.11390518,309.74760000
54.15390518,309.74760000
54.19390518,318.56740000
54.23390518,318.56740000
54.27390518,318.56740000
54.31390518,322.97740000
54.35390518,322.97740000
54.39390518,322.97740000
54.43390518,322.97740000
54.47390518,322.97740000
54.51390518,327.38730000
54.55390518,327.38730000
54.59390518,331.79720000
54.63390518,331.79720000
54.67390518,336.22240000
54.71390518,336.22240000
54.75390518,336.22240000
54.79390518,340.63230000
54.83390518,340.63230000
54.87390518,340.63230000
54.91390518,340.63230000
54.95390518,340.63230000
54.99390518,340.63230000
55.03390518,345.04220000
55.07390518,345.04220000
55.11390518,345.04220000
55.15390518,345.04220000
55.19390518,349.45220000
55.23390518,349.45220000
55.27390518,353.86210000
55.31390518,353.86210000
55.35390518,353.86210000
55.39390517,358.27200000
55.43390517,353.86210000
55.47390517,353.86210000
55.51390517,358.27200000
55.55390517,358.27200000
55.59390517,358.27200000
55.63390517,358.27200000
55.67390517,358.27200000
55.71390517,358.27200000
55.75390517,358.27200000
55.79390517,358.27200000
55.83390517,362.68190000
55.87390517,358.27200000
55.91390517,362.68190000
55.95390517,362.68190000
55.99390517,362.68190000
56.03390517,358.27200000
56.07390517,358.27200000
56.11390517,358.27200000
56.15390517,362.68190000
56.19390517,362.68190000
56.23390517,358.27200000
56.27390517,362.68190000
56.31390517,362.68190000
56.35390517,362.68190000
56.39390517,358.27200000
56.43390517,358.27200000
56.47390517,358.27200000
56.51390517,362.68190000
56.55390517,362.68190000
56.59390517,358.27200000
56.63390517,358.27200000
56.67390517,358.27200000
56.71390517,358.27200000
56.75390517,358.27200000
56.79390517,358.27200000
56.83390517,358.27200000
56.87390517,358.27200000
56.91390517,358.27200000
56.95390517,358.27200000
56.99390517,353.86210000
57.03390516,358.27200000
57.07390516,353.86210000
57.11390516,353.86210000
57.15390516,353.86210000
57.19390516,353.86210000
57.23390516,353.86210000
57.27390516,349.45220000
57.31390516,349.45220000
57.35390516,345.04220000
57.39390516,349.45220000
57.43390516,345.04220000
57.47390516,345.04220000
57.51390516,340.63230000
57.55390516,340.63230000
57.59390516,340.63230000
57.63390516,340.63230000
57.67390516,340.63230000
57.71390516,336.22240000
57.75390516,336.22240000
57.79390516,336.22240000
57.83390516,336.22240000
57.87390516,327.38730000
57.91390516,327.38730000
57.95390516,331.79720000
57.99390516,322.97740000
58.03390516,327.38730000
58.07390516,322.97740000
58.11390516,322.97740000
58.15390516,318.56740000
58.19390516,318.56740000
58.23390516,318.56740000
58.27390516,318.56740000
58.31390516,314.15750000
58.35390516,309.74760000
58.39390516,305.33770000
58.43390516,305.33770000
58.47390516,305.33770000
58.51390516,305.33770000
58.55390516,300.92770000
58.59390516,300.92770000
58.63390516,296.51780000
58.67390515,296.51780000
58.71390515,292.10790000
58.75390515,292.10790000
58.79390515,287.69800000
58.83390515,287.69800000
58.87390515,283.27280000
58.91390515,283.27280000
58.95390515,283.27280000
58.99390515,278.86290000
59.03390515,274.45290000
59.07390515,270.04300000
59.11390515,270.04300000
59.15390515,265.63310000
59.19390515,265.63310000
59.23390515,265.63310000
59.27390515,256.81320000
59.31390515,256.81320000
59.35390515,252.40330000
59.39390515,252.40330000
59.43390515,247.99340000
59.47390515,247.99340000
59.51390515,239.15830000
59.55390515,239.15830000
59.59390515,239.15830000
59.63390515,234.74840000
59.67390515,234.74840000
59.71390515,230.33840000
59.75390515,230.33840000
59.79390515,225.92850000
59.83390515,221.51860000
59.87390515,217.10870000
59.91390515,217.10870000
59.95390515,212.69870000
59.99390515,212.69870000
60.03390515,203.87890000
60.07390515,203.87890000
60.11390515,199.46900000
60.15390515,199.46900000
60.19390515,195.05900000
60.23390515,190.63390000
60.27390515,190.63390000
60.31390514,186.22390000
60.35390514,181.81400000
60.39390514,181.81400000
60.43390514,177.40410000
60.47390514,168.58420000
60.51390514,164.17430000
60.55390514,164.17430000
60.59390514,164.17430000
60.63390514,159.76440000
60.67390514,155.35450000
60.71390514,150.94450000
60.75390514,150.94450000
60.79390514,146.53460000
60.83390514,142.10940000
60.87390514,142.10940000
60.91390514,133.28960000
60.95390514,133.28960000
60.99390514,128.87970000
61.03390514,128.87970000
61.07390514,124.46970000
61.11390514,120.05980000
61.15390514,111.24000000
61.19390514,111.24000000
61.23390514,111.24000000
61.27390514,106.83000000
61.31390514,102.42010000
61.35390514,93.58500000
61.39390514,93.58500000
61.43390514,89.17508000
61.47390514,89.17508000
61.51390514,80.35523000
61.55390514,80.35523000
61.59390514,75.94530000
61.63390514,71.53539000
61.67390514,71.53539000
61.71390514,62.71553000
61.75390514,58.30561000
61.79390514,58.30561000
61.83390514,53.89569000
61.87390514,49.47050000
61.91390514,45.06058000
61.95390513,45.06058000
61.99390513,40.65065000
62.03390513,36.24073000
62.07390513,27.42088000
62.11390513,27.42088000
62.15390513,23.01095000
62.19390513,23.01095000
62.23390513,18.60103000
62.27390513,14.19111000
62.31390513,9.78118100
62.35390513,5.37125700
62.39390513,0.96133300
62.43390513,0.96133300
62.47390513,-7.85851600
62.51390513,-7.85851600
62.55390513,-12.26844000
62.59390513,-16.67836000
62.63390513,-16.67836000
62.67390513,-25.49821000
62.71390513,-29.90814000
62.75390513,-29.90814000
62.79390513,-34.31806000
62.83390513,-38.72799000
62.87390513,-43.15317000
62.91390513,-47.56310000
62.95390513,-47.56310000
62.99390513,-51.97302000
63.03390513,-56.38294000
63.07390513,-65.20279000
63.11390513,-65.20279000
63.15390513,-69.61272000
63.19390513,-74.02264000
63.23390513,-74.02264000
63.27390513,-82.84248000
63.31390513,-82.84248000
63.35390513,-87.25241000
63.39390513,-87.25241000
63.43390513,-96.08752000
63.47390513,-96.08752000
63.51390513,-100.49750000
63.55390513,-100.49750000
63.59390513,-104.90740000
63.63390512,-113.72720000
63.67390512,-118.13710000
63.71390512,-118.13710000
63.75390512,-122.54710000
63.79390512,-126.95700000
63.83390512,-131.36690000
63.87390512,-135.79210000
63.91390512,-135.79210000
63.95390512,-140.20200000
63.99390512,-144.61190000
64.03390512,-144.61190000
64.07390512,-153.43180000
64.11390512,-153.43180000
64.15390512,-157.84170000
64.19390512,-157.84170000
64.23390512,-166.66160000
64.27390512,-171.07150000
64.31390512,-171.07150000
64.35390512,-171.07150000
64.39390512,-175.48140000
64.43390512,-179.89130000
64.47390512,-184.31650000
64.51390512,-188.72640000
64.55390512,-188.72640000
64.59390512,-193.13640000
64.63390512,-193.13640000
64.67390512,-197.54630000
64.71390512,-206.36610000
64.75390512,-206.36610000
64.79390512,-206.36610000
64.83390512,-210.77610000
64.87390512,-215.18600000
64.91390512,-219.59590000
64.95390512,-224.00580000
64.99390512,-224.00580000
65.03390512,-224.00580000
65.07390512,-228.41580000
65.11390512,-232.84100000
65.15390512,-237.25090000
65.19390512,-241.66080000
65.23390512,-241.66080000
65.27390511,-246.07070000
65.31390511,-246.07070000
65.35390511,-246.07070000
65.39390511,-254.89060000
65.43390511,-259.30050000
65.47390511,-259.30050000
65.51390511,-259.30050000
65.55390511,-263.71040000
65.59390511,-263.71040000
65.63390511,-268.12040000
65.67390511,-272.53030000
65.71390511,-276.95550000
65.75390511,-276.95550000
65.79390511,-281.36540000
65.83390511,-281.36540000
65.87390511,-281.36540000
65.91390511,-290.18520000
65.95390511,-294.59520000
65.99390511,-290.18520000
66.03390511,-294.59520000
66.07390511,-294.59520000
66.11390511,-294.59520000
66.15390511,-299.00510000
66.19390511,-299.00510000
66.23390511,-307.82490000
66.27390511,-307.82490000
66.31390511,-312.23490000
66.35390511,-312.23490000
66.39390511,-312.23490000
66.43390511,-316.64480000
66.47390511,-316.64480000
66.51390511,-321.05470000
66.55390511,-325.47990000
66.59390511,-325.47990000
66.63390511,-329.88980000
66.67390511,-329.88980000
66.71390511,-329.88980000
66.75390511,-329.88980000
66.79390511,-334.29970000
66.83390511,-334.29970000
66.87390511,-338.70970000
66.91390510,-343.11960000
66.95390510,-343.11960000
66.99390510,-343.11960000
67.03390510,-343.11960000
67.07390510,-347.52950000
67.11390510,-347.52950000
67.15390510,-347.52950000
67.19390510,-351.93940000
67.23390510,-347.52950000
67.27390510,-351.93940000
67.31390510,-351.93940000
67.35390510,-356.34940000
67.39390510,-356.34940000
67.43390510,-356.34940000
67.47390510,-360.75930000
67.51390510,-360.75930000
67.55390510,-360.75930000
67.59390510,-360.75930000
67.63390510,-365.16920000
67.67390510,-365.16920000
67.71390510,-365.16920000
67.75390510,-365.16920000
67.79390510,-365.16920000
67.83390510,-365.16920000
67.87390510,-369.57910000
67.91390510,-369.57910000
67.95390510,-369.57910000
67.99390510,-369.57910000
68.03390510,-369.57910000
68.07390510,-369.57910000
68.11390510,-374.00430000
68.15390510,-369.57910000
68.19390510,-374.00430000
68.23390510,-374.00430000
68.27390510,-374.00430000
68.31390510,-374.00430000
68.35390510,-374.00430000
68.39390510,-378.41420000
68.43390510,-378.41420000
68.47390510,-378.41420000
68.51390510,-378.41420000
68.55390509,-378.41420000
68.59390509,-378.41420000
68.63390509,-378.41420000
68.67390509,-378.41420000
68.71390509,-378.41420000
68.75390509,-378.41420000
68.79390509,-378.41420000
68.83390509,-378.41420000
68.87390509,-378.41420000
68.91390509,-378.41420000
68.95390509,-378.41420000
68.99390509,-378.41420000
69.03390509,-378.41420000
69.07390509,-374.00430000
69.11390509,-378.41420000
69.15390509,-374.00430000
69.19390509,-374.00430000
69.23390509,-374.00430000
69.27390509,-374.00430000
69.31390509,-374.00430000
69.35390509,-374.00430000
69.39390509,-369.57910000
69.43390509,-369.57910000
69.47390509,-369.57910000
69.51390509,-369.57910000
69.55390509,-369.57910000
69.59390509,-369.57910000
69.63390509,-369.57910000
69.67390509,-365.16920000
69.71390509,-365.16920000
69.75390509,-365.16920000
69.79390509,-365.16920000
69.83390509,-365.16920000
69.87390509,-365.16920000
69.91390509,-365.16920000
69.95390509,-360.75930000
69.99390509,-360.75930000
70.03390509,-360.75930000
70.07390509,-360.75930000
70.11390509,-351.93940000
70.15390509,-351.93940000
70.19390508,-351.93940000
70.23390508,-351.93940000
70.27390508,-351.93940000
70.31390508,-347.52950000
70.35390508,-347.52950000
70.39390508,-347.52950000
70.43390508,-347.52950000
70.47390508,-343.11960000
70.51390508,-343.11960000
70.55390508,-338.70970000
70.59390508,-338.70970000
70.63390508,-334.29970000
70.67390508,-334.29970000
70.71390508,-334.29970000
70.75390508,-329.88980000
70.79390508,-329.88980000
70.83390508,-329.88980000
70.87390508,-325.47990000
70.91390508,-325.47990000
70.95390508,-325.47990000
70.99390508,-321.05470000
71.03390508,-316.64480000
71.07390508,-316.64480000
71.11390508,-316.64480000
71.15390508,-312.23490000
71.19390508,-312.23490000
71.23390508,-307.82490000
71.27390508,-303.41500000
71.31390508,-303.41500000
71.35390508,-299.00510000
71.39390508,-299.00510000
71.43390508,-294.59520000
71.47390508,-294.59520000
71.51390508,-294.59520000
71.55390508,-290.18520000
71.59390508,-290.18520000
71.63390508,-281.36540000
71.67390508,-281.36540000
71.71390508,-276.95550000
71.75390508,-276.95550000
71.79390508,-276.95550000
71.83390507,-272.53030000
71.87390507,-268.12040000
71.91390507,-268.12040000
71.95390507,-263.71040000
71.99390507,-259.30050000
72.03390507,-259.30050000
72.07390507,-254.89060000
72.11390507,-254.89060000
72.15390507,-250.48060000
72.19390507,-246.07070000
72.23390507,-241.66080000
72.27390507,-241.66080000
72.31390507,-237.25090000
72.35390507,-237.25090000
72.39390507,-232.84100000
72.43390507,-228.41580000
72.47390507,-224.00580000
72.51390507,-224.00580000
72.55390507,-224.00580000
72.59390507,-219.59590000
72.63390507,-215.18600000
72.67390507,-210.77610000
72.71390507,-206.36610000
72.75390507,-206.36610000
72.79390507,-206.36610000
72.83390507,-197.54630000
72.87390507,-193.13640000
72.91390507,-193.13640000
72.95390507,-188.72640000
72.99390507,-188.72640000
73.03390507,-184.31650000
73.07390507,-179.89130000
73.11390507,-175.48140000
73.15390507,-171.07150000
73.19390507,-171.07150000
73.23390507,-166.66160000
73.27390507,-162.25160000
73.31390507,-157.84170000
73.35390507,-153.43180000
73.39390507,-153.43180000
73.43390507,-149.02190000
73.47390506,-144.61190000
73.51390506,-140.20200000
73.55390506,-135.79210000
73.59390506,-135.79210000
73.63390506,-135.79210000
73.67390506,-126.95700000
73.71390506,-126.95700000
73.75390506,-118.13710000
73.79390506,-118.13710000
73.83390506,-113.72720000
73.87390506,-109.31730000
73.91390506,-104.90740000
73.95390506,-104.90740000
73.99390506,-100.49750000
74.03390506,-96.08752000
74.07390506,-91.67760000
74.11390506,-87.25241000
74.15390506,-82.84248000
74.19390506,-82.84248000
74.23390506,-78.43256000
74.27390506,-78.43256000
74.31390506,-69.61272000
74.35390506,-65.20279000
74.39390506,-65.20279000
74.43390506,-60.79287000
74.47390506,-56.38294000
74.51390506,-51.97302000
74.55390506,-47.56310000
74.59390506,-47.56310000
74.63390506,-43.15317000
74.67390506,-38.72799000
74.71390506,-34.31806000
74.75390506,-29.90814000
74.79390506,-29.90814000
74.83390506,-21.08829000
74.87390506,-16.67836000
74.91390506,-12.26844000
74.95390506,-12.26844000
74.99390506,-7.85851600
75.03390506,-3.44859100
75.07390506,0.96133300
75.11390505,5.37125700
75.15390505,5.37125700
75.19390505,9.78118100
75.23390505,14.19111000
75.27390505,18.60103000
75.31390505,23.01095000
75.35390505,23.01095000
75.39390505,27.42088000
75.43390505,36.24073000
75.47390505,40.65065000
75.51390505,40.65065000
75.55390505,45.06058000
75.59390505,45.06058000
75.63390505,53.89569000
75.67390505,53.89569000
75.71390505,58.30561000
75.75390505,62.71553000
75.79390505,67.12546000
75.83390505,71.53539000
75.87390505,75.94530000
75.91390505,75.94530000
75.95390505,80.35523000
75.99390505,84.76515000
76.03390505,89.17508000
76.07390505,93.58500000
76.11390505,93.58500000
76.15390505,97.99493000
76.19390505,102.42010000
76.23390505,106.83000000
76.27390505,111.24000000
76.31390505,111.24000000
76.35390505,115.64990000
76.39390505,120.05980000
76.43390505,124.46970000
76.47390505,128.87970000
76.51390505,128.87970000
76.55390505,133.28960000
76.59390505,137.69950000
76.63390505,142.10940000
76.67390505,146.53460000
76.71390505,146.53460000
76.75390505,150.94450000
76.79390504,150.94450000
76.83390504,155.35450000
76.87390504,159.76440000
76.91390504,164.17430000
76.95390504,164.17430000
76.99390504,168.58420000
77.03390504,172.99420000
77.07390504,177.40410000
77.11390504,181.81400000
77.15390504,181.81400000
77.19390504,186.22390000
77.23390504,190.63390000
77.27390504,195.05900000
77.31390504,195.05900000
77.35390504,199.46900000
77.39390504,199.46900000
77.43390504,203.87890000
77.47390504,208.28880000
77.51390504,212.69870000
77.55390504,212.69870000
77.59390504,217.10870000
77.63390504,217.10870000
77.67390504,221.51860000
77.71390504,225.92850000
77.75390504,230.33840000
77.79390504,230.33840000
77.83390504,234.74840000
77.87390504,234.74840000
77.91390504,239.15830000
77.95390504,239.15830000
77.99390504,247.99340000
78.03390504,247.99340000
78.07390504,247.99340000
78.11390504,252.40330000
78.15390504,252.40330000
78.19390504,256.81320000
78.23390504,261.22310000
78.27390504,265.63310000
78.31390504,265.63310000
78.35390504,270.04300000
78.39390504,270.04300000
78.43390503,270.04300000
78.47390503,274.45290000
78.51390503,278.86290000
78.55390503,283.27280000
78.59390503,283.27280000
78.63390503,287.69800000
78.67390503,287.69800000
78.71390503,287.69800000
78.75390503,292.10790000
78.79390503,292.10790000
78.83390503,296.51780000
78.87390503,300.92770000
78.91390503,300.92770000
78.95390503,300.92770000
78.99390503,305.33770000
79.03390503,305.33770000
79.07390503,305.33770000
79.11390503,309.74760000
79.15390503,314.15750000
79.19390503,314.15750000
79.23390503,318.56740000
79.27390503,318.56740000
79.31390503,318.56740000
79.35390503,322.97740000
79.39390503,322.97740000
79.43390503,322.97740000
79.47390503,327.38730000
79.51390503,327.38730000
79.55390503,327.38730000
79.59390503,331.79720000
79.63390503,331.79720000
79.67390503,336.22240000
79.71390503,336.22240000
79.75390503,340.63230000
79.79390503,336.22240000
79.83390503,340.63230000
79.87390503,340.63230000
79.91390503,340.63230000
79.95390503,340.63230000
79.99390503,340.63230000
80.03390503,345.04220000
80.07390502,345.04220000
80.11390502,345.04220000
80.15390502,349.45220000
80.19390502,349.45220000
80.23390502,349.45220000
80.27390502,353.86210000
80.31390502,353.86210000
80.35390502,353.86210000
80.39390502,353.86210000
80.43390502,353.86210000
80.47390502,358.27200000
80.51390502,358.27200000
80.55390502,358.27200000
80.59390502,358.27200000
80.63390502,358.27200000
80.67390502,358.27200000
80.71390502,358.27200000
80.75390502,358.27200000
80.79390502,358.27200000
80.83390502,358.27200000
80.87390502,358.27200000
80.91390502,358.27200000
80.95390502,358.27200000
80.99390502,358.27200000
81.03390502,358.27200000
81.07390502,358.27200000
81.11390502,358.27200000
81.15390502,358.27200000
81.19390502,358.27200000
81.23390502,362.68190000
81.27390502,358.27200000
81.31390502,362.68190000
81.35390502,362.68190000
81.39390502,358.27200000
81.43390502,362.68190000
81.47390502,362.68190000
81.51390502,358.27200000
81.55390502,358.27200000
81.59390502,358.27200000
81.63390502,358.27200000
81.67390502,358.27200000
81.71390501,358.27200000
81.75390501,358.27200000
81.79390501,358.27200000
81.83390501,358.27200000
81.87390501,358.27200000
81.91390501,358.27200000
81.95390501,358.27200000
81.99390501,358.27200000
82.03390501,353.86210000
82.07390501,358.27200000
82.11390501,353.86210000
82.15390501,353.86210000
82.19390501,353.86210000
82.23390501,353.86210000
82.27390501,349.45220000
82.31390501,349.45220000
82.35390501,349.45220000
82.39390501,345.04220000
82.43390501,345.04220000
82.47390501,345.04220000
82.51390501,340.63230000
82.55390501,340.63230000
82.59390501,340.63230000
82.63390501,340.63230000
82.67390501,336.22240000
82.71390501,336.22240000
82.75390501,336.22240000
82.79390501,336.22240000
82.83390501,336.22240000
82.87390501,331.79720000
82.91390501,331.79720000
82.95390501,327.38730000
82.99390501,327.38730000
83.03390501,327.38730000
83.07390501,322.97740000
83.11390501,322.97740000
83.15390501,322.97740000
83.19390501,318.56740000
83.23390501,318.56740000
83.27390501,318.56740000
83.31390501,314.15750000
83.35390500,309.74760000
83.39390500,309.74760000
83.43390500,305.33770000
83.47390500,305.33770000
83.51390500,300.92770000
83.55390500,300.92770000
83.59390500,300.92770000
83.63390500,296.51780000
83.67390500,292.10790000
83.71390500,292.10790000
83.75390500,287.69800000
83.79390500,287.69800000
83.83390500,287.69800000
83.87390500,287.69800000
83.91390500,283.27280000
83.95390500,278.86290000
83.99390500,278.86290000
84.03390500,274.45290000
84.07390500,274.45290000
84.11390500,270.04300000
84.15390500,270.04300000
84.19390500,265.63310000
84.23390500,265.63310000
84.27390500,261.22310000
84.31390500,256.81320000
84.35390500,252.40330000
84.39390500,252.40330000
84.43390500,247.99340000
84.47390500,247.99340000
84.51390500,243.58350000
84.55390500,239.15830000
84.59390500,234.74840000
84.63390500,234.74840000
84.67390500,234.74840000
84.71390500,230.33840000
84.75390500,230.33840000
84.79390500,221.51860000
84.83390500,221.51860000
84.87390500,217.10870000
84.91390500,217.10870000
84.95390500,212.69870000
84.99390499,212.69870000
85.03390499,203.87890000
85.07390499,203.87890000
85.11390499,199.46900000
85.15390499,199.46900000
85.19390499,195.05900000
85.23390499,195.05900000
85.27390499,186.22390000
85.31390499,181.81400000
85.35390499,181.81400000
85.39390499,181.81400000
85.43390499,177.40410000
85.47390499,172.99420000
85.51390499,168.58420000
85.55390499,164.17430000
85.59390499,164.17430000
85.63390499,159.76440000
85.67390499,155.35450000
85.71390499,150.94450000
85.75390499,146.53460000
85.79390499,146.53460000
85.83390499,142.10940000
85.87390499,142.10940000
85.91390499,133.28960000
85.95390499,128.87970000
85.99390499,128.87970000
86.03390499,128.87970000
86.07390499,120.05980000
86.11390499,115.64990000
86.15390499,115.64990000
86.19390499,111.24000000
86.23390499,106.83000000
86.27390499,106.83000000
86.31390499,97.99493000
86.35390499,93.58500000
86.39390499,93.58500000
86.43390499,89.17508000
86.47390499,84.76515000
86.51390499,84.76515000
86.55390499,75.94530000
86.59390499,75.94530000
86.63390498,71.53539000
86.67390498,71.53539000
86.71390498,62.71553000
86.75390498,62.71553000
86.79390498,58.30561000
86.83390498,53.89569000
86.87390498,53.89569000
86.91390498,45.06058000
86.95390498,40.65065000
86.99390498,40.65065000
87.03390498,36.24073000
87.07390498,31.83080000
87.11390498,27.42088000
87.15390498,23.01095000
87.19390498,23.01095000
87.23390498,18.60103000
87.27390498,14.19111000
87.31390498,9.78118100
87.35390498,5.37125700
87.39390498,5.37125700
87.43390498,-3.44859100
87.47390498,-7.85851600
87.51390498,-7.85851600
87.55390498,-12.26844000
87.59390498,-16.67836000
87.63390498,-16.67836000
87.67390498,-21.08829000
87.71390498,-29.90814000
87.75390498,-29.90814000
87.79390498,-34.31806000
87.83390498,-38.72799000
87.87390498,-43.15317000
87.91390498,-47.56310000
87.95390498,-51.97302000
87.99390498,-51.97302000
88.03390498,-60.79287000
88.07390498,-65.20279000
88.11390498,-65.20279000
88.15390498,-65.20279000
88.19390498,-69.61272000
88.23390498,-78.43256000
88.27390498,-82.84248000
88.31390497,-82.84248000
88.35390497,-87.25241000
88.39390497,-91.67760000
88.43390497,-96.08752000
88.47390497,-100.49750000
88.51390497,-100.49750000
88.55390497,-104.90740000
88.59390497,-104.90740000
88.63390497,-113.72720000
88.67390497,-118.13710000
88.71390497,-118.13710000
88.75390497,-122.54710000
88.79390497,-126.95700000
88.83390497,-131.36690000
88.87390497,-135.79210000
88.91390497,-135.79210000
88.95390497,-140.20200000
88.99390497,-144.61190000
89.03390497,-149.02190000
89.07390497,-153.43180000
89.11390497,-153.43180000
89.15390497,-153.43180000
89.19390497,-157.84170000
89.23390497,-162.25160000
89.27390497,-171.07150000
89.31390497,-171.07150000
89.35390497,-175.48140000
89.39390497,-175.48140000
89.43390497,-179.89130000
89.47390497,-184.31650000
89.51390497,-188.72640000
89.55390497,-188.72640000
89.59390497,-193.13640000
89.63390497,-197.54630000
89.67390497,-201.95620000
89.71390497,-201.95620000
89.75390497,-206.36610000
89.79390497,-206.36610000
89.83390497,-210.77610000
89.87390497,-215.18600000
89.91390497,-219.59590000
89.95390496,-224.00580000
89.99390496,-224.00580000
90.03390496,-224.00580000
90.07390496,-228.41580000
90.11390496,-232.84100000
90.15390496,-237.25090000
90.19390496,-241.66080000
90.23390496,-241.66080000
90.27390496,-241.66080000
90.31390496,-246.07070000
90.35390496,-254.89060000
90.39390496,-254.89060000
90.43390496,-259.30050000
90.47390496,-259.30050000
90.51390496,-259.30050000
90.55390496,-263.71040000
90.59390496,-268.12040000
90.63390496,-268.12040000
90.67390496,-272.53030000
90.71390496,-276.95550000
90.75390496,-276.95550000
90.79390496,-276.95550000
90.83390496,-281.36540000
90.87390496,-290.18520000
90.91390496,-290.18520000
90.95390496,-294.59520000
90.99390496,-294.59520000
91.03390496,-294.59520000
91.07390496,-294.59520000
91.11390496,-299.00510000
91.15390496,-299.00510000
91.19390496,-303.41500000
91.23390496,-307.82490000
91.27390496,-312.23490000
91.31390496,-312.23490000
91.35390496,-312.23490000
91.39390496,-312.23490000
91.43390496,-316.64480000
91.47390496,-316.64480000
91.51390496,-321.05470000
91.55390496,-325.47990000
91.59390495,-329.88980000
91.63390495,-329.88980000
91.67390495,-329.88980000
91.71390495,-329.88980000
91.75390495,-329.88980000
91.79390495,-334.29970000
91.83390495,-334.29970000
91.87390495,-338.70970000
91.91390495,-338.70970000
91.95390495,-343.11960000
91.99390495,-343.11960000
92.03390495,-343.11960000
92.07390495,-347.52950000
92.11390495,-347.52950000
92.15390495,-347.52950000
92.19390495,-347.52950000
92.23390495,-347.52950000
92.27390495,-351.93940000
92.31390495,-351.93940000
92.35390495,-351.93940000
92.39390495,-356.34940000
92.43390495,-360.75930000
92.47390495,-360.75930000
92.51390495,-360.75930000
92.55390495,-360.75930000
92.59390495,-365.16920000
92.63390495,-365.16920000
92.67390495,-365.16920000
92.71390495,-365.16920000
92.75390495,-365.16920000
92.79390495,-365.16920000
92.83390495,-365.16920000
92.87390495,-369.57910000
92.91390495,-365.16920000
92.95390495,-369.57910000
92.99390495,-369.57910000
93.03390495,-369.57910000
93.07390495,-369.57910000
93.11390495,-369.57910000
93.15390495,-369.57910000
93.19390495,-374.00430000
93.23390494,-374.00430000
93.27390494,-374.00430000
93.31390494,-378.41420000
93.35390494,-374.00430000
93.39390494,-378.41420000
93.43390494,-378.41420000
93.47390494,-378.41420000
93.51390494,-378.41420000
93.55390494,-378.41420000
93.59390494,-378.41420000
93.63390494,-378.41420000
93.67390494,-378.41420000
93.71390494,-378.41420000
93.75390494,-378.41420000
93.79390494,-378.41420000
93.83390494,-378.41420000
93.87390494,-378.41420000
93.91390494,-378.41420000
93.95390494,-378.41420000
93.99390494,-378.41420000
94.03390494,-378.41420000
94.07390494,-378.41420000
94.11390494,-374.00430000
94.15390494,-374.00430000
94.19390494,-374.00430000
94.23390494,-374.00430000
94.27390494,-374.00430000
94.31390494,-369.57910000
94.35390494,-369.57910000
94.39390494,-369.57910000
94.43390494,-369.57910000
94.47390494,-369.57910000
94.51390494,-369.57910000
94.55390494,-369.57910000
94.59390494,-365.16920000
94.63390494,-365.16920000
94.67390494,-365.16920000
94.71390494,-365.16920000
94.75390494,-365.16920000
94.79390494,-365.16920000
94.83390494,-365.16920000
94.87390493,-360.75930000
94.91390493,-360.75930000
94.95390493,-365.16920000
94.99390493,-360.75930000
95.03390493,-360.75930000
95.07390493,-351.93940000
95.11390493,-356.34940000
95.15390493,-351.93940000
95.19390493,-351.93940000
95.23390493,-351.93940000
95.27390493,-347.52950000
95.31390493,-347.52950000
95.35390493,-347.52950000
95.39390493,-347.52950000
95.43390493,-347.52950000
95.47390493,-343.11960000
95.51390493,-343.11960000
95.55390493,-343.11960000
95.59390493,-338.70970000
95.63390493,-334.29970000
95.67390493,-334.29970000
95.71390493,-329.88980000
95.75390493,-329.88980000
95.79390493,-329.88980000
95.83390493,-329.88980000
95.87390493,-329.88980000
95.91390493,-325.47990000
95.95390493,-321.05470000
95.99390493,-316.64480000
96.03390493,-316.64480000
96.07390493,-312.23490000
96.11390493,-312.23490000
96.15390493,-312.23490000
96.19390493,-312.23490000
96.23390493,-307.82490000
96.27390493,-303.41500000
96.31390493,-299.00510000
96.35390493,-299.00510000
96.39390493,-299.00510000
96.43390493,-294.59520000
96.47390493,-294.59520000
96.51390492,-290.18520000
96.55390492,-290.18520000
96.59390492,-285.77530000
96.63390492,-281.36540000
96.67390492,-281.36540000
96.71390492,-276.95550000
96.75390492,-276.95550000
96.79390492,-276.95550000
96.83390492,-272.53030000
96.87390492,-268.12040000
96.91390492,-263.71040000
96.95390492,-263.71040000
96.99390492,-259.30050000
97.03390492,-259.30050000
97.07390492,-254.89060000
97.11390492,-254.89060000
97.15390492,-246.07070000
97.19390492,-246.07070000
97.23390492,-241.66080000
97.27390492,-241.66080000
97.31390492,-237.25090000
97.35390492,-232.84100000
97.39390492,-232.84100000
97.43390492,-228.41580000
97.47390492,-224.00580000
97.51390492,-224.00580000
97.55390492,-219.59590000
97.59390492,-215.18600000
97.63390492,-210.77610000
97.67390492,-210.77610000
97.71390492,-206.36610000
97.75390492,-206.36610000
97.79390492,-201.95620000
97.83390492,-197.54630000
97.87390492,-193.13640000
97.91390492,-193.13640000
97.95390492,-188.72640000
97.99390492,-184.31650000
98.03390492,-184.31650000
98.07390492,-184.31650000
98.11390492,-175.48140000
98.15390491,-171.07150000
98.19390491,-171.07150000
98.23390491,-166.66160000
98.27390491,-157.84170000
98.31390491,-157.84170000
98.35390491,-153.43180000
98.39390491,-153.43180000
98.43390491,-149.02190000
98.47390491,-144.61190000
98.51390491,-140.20200000
98.55390491,-135.79210000
98.59390491,-135.79210000
98.63390491,-131.36690000
98.67390491,-126.95700000
98.71390491,-122.54710000
98.75390491,-122.54710000
98.79390491,-118.13710000
98.83390491,-113.72720000
98.87390491,-109.31730000
98.91390491,-104.90740000
98.95390491,-100.49750000
98.99390491,-100.49750000
99.03390491,-96.08752000
99.07390491,-91.67760000
99.11390491,-87.25241000
99.15390491,-82.84248000
99.19390491,-82.84248000
99.23390491,-78.43256000
99.27390491,-74.02264000
99.31390491,-69.61272000
99.35390491,-65.20279000
99.39390491,-65.20279000
99.43390491,-60.79287000
99.47390491,-56.38294000
99.51390491,-51.97302000
99.55390491,-47.56310000
99.59390491,-47.56310000
99.63390491,-43.15317000
99.67390491,-34.31806000
99.71390491,-34.31806000
99.75390491,-29.90814000
99.79390490,-25.49821000
99.83390490,-21.08829000
99.87390490,-16.67836000
99.91390490,-12.26844000
99.95390490,-12.26844000
99.99390490,-7.85851600
100.03390490,-3.44859100
